692
651
301
693
748
500
485
141
611
609
516
634
261
174
421
204
192
642
757
135
363
125
323
733
385
436
70
863
574
772
225
786
241
14
819
848
751
255
601
443
148
489
622
641
395
649
684
53
145
146
315
90
13
218
190
531
731
6
803
78
618
304
57
488
217
594
518
559
463
522
288
308
155
126
746
7
371
593
39
275
407
791
381
441
429
305
119
744
554
321
176
782
873
295
752
357
432
643
209
45
536
428
447
238
123
613
66
3
390
770
773
541
46
23
578
19
370
394
352
341
572
777
812
158
303
668
386
137
730
220
681
448
790
172
65
843
610
468
11
553
513
81
325
165
736
433
788
451
354
229
639
688
205
478
456
787
648
392
623
449
866
507
627
85
319
605
871
310
596
400
552
635
254
679
825
333
157
223
617
597
490
602
64
666
832
655
309
189
410
630
620
203
351
743
801
580
402
153
169
811
854
424
865
74
41
2
212
840
678
810
528
334
62
633
355
795
406
631
83
624
682
208
645
269
247
143
543
210
750
529
672
401
280
870
359
876
224
193
771
60
197
118
117
660
629
508
306
585
862
342
652
161
542
160
259
545
709
154
487
716
87
466
251
76
472
477
114
815
108
785
260
595
283
438
389
877
426
116
742
256
12
437
829
38
725
214
150
435
515
168
759
9
276
167
496
409
88
568
674
35
834
268
29
798
538
760
61
588
109
349
581
762
279
416
851
367
792
440
482
662
131
21
769
544
120
186
257
202
243
591
262
680
239
253
514
564
619
89
105
49
702
566
374
677
831
221
364
337
233
434
211
856
246
121
817
667
266
523
245
431
68
40
104
44
632
706
626
475
387
654
511
222
767
80
391
714
4
378
382
807
561
823
287
332
761
547
462
575
857
509
369
470
48
115
839
763
616
404
375
727
10
207
699
774
258
835
569
377
691
570
293
297
360
368
808
503
328
232
779
326
673
459
780
537
249
524
738
644
535
540
476
346
213
271
106
637
860
718
