23.332716
22.512146
21.847880
21.208116
20.701815
20.213424
19.740652
19.283257
18.849757
18.429659
18.027043
17.632611
17.241795
16.870394
16.509531
16.187104
15.872634
15.575980
15.287168
15.024819
14.778043
14.535299
14.295770
14.061104
13.834031
13.624372
13.416741
13.224707
13.037030
12.861902
12.695544
12.540952
12.395993
12.256196
12.121013
11.992717
11.866422
11.741718
11.626796
11.516231
11.408922
11.303608
11.200252
11.099114
11.002321
10.909369
10.817715
10.728605
10.641584
10.557144
10.472971
10.391948
10.312309
10.233734
10.156458
10.080154
10.006537
9.933312
9.861328
9.789848
9.719061
9.651088
9.585022
9.520398
9.456547
9.393244
9.330374
9.268206
9.206751
9.145719
9.086826
9.029687
8.972978
8.916462
8.861105
8.806730
8.752918
8.700793
8.649845
8.599683
8.550178
8.500792
8.453236
8.406071
8.359222
8.312731
8.266492
8.220549
8.174741
8.129289
8.084019
8.039866
7.996712
7.954601
7.913184
7.872256
7.831687
7.791322
7.751931
7.713324
7.675574
7.638265
7.601189
7.564409
7.528053
7.492030
7.456508
7.421259
7.386577
7.352135
7.318144
7.284319
7.250665
7.217333
7.184334
7.151611
7.119036
7.086703
7.054995
7.023938
6.993169
6.963329
6.933832
6.904712
6.875936
6.847494
6.819434
6.791905
6.764465
6.737293
6.710203
6.683302
6.656582
6.630080
6.604501
6.579017
6.553721
6.528645
6.504343
6.480308
6.456746
6.433576
6.410719
6.387904
6.365267
6.342892
6.320818
6.298829
6.277166
6.255693
6.234472
6.213527
6.192710
6.172361
6.152421
6.132700
6.113112
6.093608
6.074176
6.055075
6.036100
6.017193
5.998375
5.979765
5.961461
5.943523
5.925619
5.907816
5.890308
5.873066
5.855970
5.838953
5.822315
5.805707
5.789314
5.773206
5.757331
