20.370995
19.800958
19.250674
18.703635
18.251151
17.829911
17.420138
17.017203
16.633173
16.259197
15.893635
15.529653
15.193597
14.859126
14.549420
14.251165
13.955776
13.660450
13.381285
13.105759
12.893081
12.685240
12.484370
12.302596
12.128927
11.961665
11.836281
11.722048
11.617669
11.516995
11.418379
11.321598
11.225601
11.135033
11.048644
10.963594
10.882060
10.802268
10.723185
10.645429
10.569005
10.494580
10.422238
10.351308
10.282424
10.215532
10.150286
10.088397
10.027759
9.968725
9.909868
9.851436
9.795847
9.741143
9.686841
9.632895
9.579894
9.527314
9.475539
9.424967
9.374646
9.327427
9.281267
9.236523
9.193809
9.151407
9.109222
9.068233
9.027523
8.987295
8.947332
8.907986
8.868917
8.829969
8.792076
8.754574
8.717341
8.681016
8.644817
8.608811
8.573120
8.537624
8.502267
8.467121
8.432290
8.398035
8.364169
8.330705
8.298058
8.265773
8.233610
8.201551
8.170155
8.138882
8.107885
8.077329
8.047011
8.016933
7.987021
7.957164
7.927496
7.898028
7.868724
7.839471
7.810901
7.783230
7.755587
7.728375
7.701361
7.674396
7.647496
7.620955
7.594604
7.568293
7.542215
7.516235
7.490460
7.465078
7.439787
7.414752
7.389862
7.365203
7.340784
7.316591
7.292673
7.268908
7.245277
7.221677
7.198256
7.174851
7.151504
7.128522
7.105696
7.083077
7.060581
7.038273
7.016019
6.993850
6.971748
6.949680
6.927736
6.905842
6.883992
6.862338
6.841350
6.820405
6.799682
6.779027
6.758550
6.738101
6.717829
6.697787
6.677866
6.658200
6.638632
6.619165
6.599883
6.580889
6.562097
6.543442
6.524952
6.506626
6.488396
6.470424
6.452594
6.434888
6.417422
6.400016
6.382788
6.365711
6.348680
6.331722
6.314921
6.298260
6.281694
6.265230
6.248818
6.232698
6.216670
6.200678
6.184774
6.168898
6.153061
6.137281
6.121613
6.106095
6.090602
6.075269
6.059973
6.044776
6.029868
6.014977
6.000231
5.985560
5.970952
5.956530
5.942216
5.928366
5.914600
5.900922
5.887504
5.874172
5.860880
5.847652
5.834574
5.821506
5.808554
5.795651
5.782793
5.770081
5.757499
5.745050
5.732673
5.720462
5.708345
5.696387
5.684513
5.672663
5.660835
5.649057
5.637356
5.625687
5.614087
5.602561
5.591125
5.579748
5.568604
5.557595
5.546605
5.535768
5.524998
5.514342
5.503782
5.493248
5.482770
5.472443
5.462163
5.451908
5.441686
5.431486
5.421346
5.411257
5.401260
5.391286
5.381423
5.371609
5.361831
5.352167
5.342510
5.332966
5.323485
5.314047
5.304685
5.295455
5.286290
5.277138
5.268107
5.259316
5.250557
5.241816
5.233096
5.224418
5.215754
5.207208
5.198861
5.190613
5.182399
5.174217
5.166051
5.157995
5.149959
5.141968
5.134026
5.126163
5.118337
5.110564
5.102801
5.095087
5.087478
5.079890
5.072378
5.064884
5.057403
5.049949
5.042574
5.035248
5.027978
5.020742
5.013522
5.006330
4.999170
4.992053
4.984968
4.977927
4.970925
4.963960
4.957011
4.950183
4.943437
4.936747
4.930077
4.923426
4.916887
4.910418
4.904007
4.897634
4.891313
4.885036
4.878820
4.872645
4.866504
4.860388
4.854324
4.848291
4.842271
4.836283
4.830369
4.824526
4.818703
4.812902
4.807123
4.801362
4.795652
4.789958
4.784279
4.778650
4.773143
4.767704
4.762288
4.756953
4.751653
4.746375
4.741113
4.735875
4.730671
4.725526
4.720390
4.715320
4.710281
4.705253
4.700236
4.695248
4.690278
4.685358
4.680454
4.675562
4.670783
4.666015
4.661311
4.656612
4.651941
4.647298
4.642672
4.638107
4.633566
4.629033
4.624517
4.620033
4.615562
4.611109
4.606661
4.602238
4.597835
4.593504
4.589209
4.584928
4.580657
4.576397
4.572164
4.567944
4.563741
4.559566
4.555400
4.551243
4.547169
4.543102
4.539088
4.535088
4.531105
4.527130
4.523189
4.519294
4.515409
4.511538
4.507695
4.503863
4.500038
4.496230
4.492427
4.488637
4.484884
4.481140
4.477411
4.473693
4.469988
4.466294
4.462637
4.458995
4.455373
4.451808
4.448253
4.444721
4.441193
4.437682
4.434176
4.430677
4.427208
4.423770
4.420352
4.416940
4.413547
4.410194
4.406849
4.403508
4.400180
4.396854
4.393562
4.390283
4.387009
4.383761
4.380524
4.377300
4.374086
4.370886
4.367690
4.364529
4.361374
4.358272
4.355175
4.352083
4.349008
4.345939
4.342886
4.339836
4.336796
4.333766
4.330745
4.327739
4.324738
4.321767
4.318806
4.315849
4.312902
4.309959
4.307036
4.304125
4.301219
4.298324
4.295448
4.292605
4.289786
4.286977
4.284182
4.281398
4.278617
4.275843
4.273081
4.270331
4.267585
4.264855
4.262129
4.259407
4.256700
4.254008
4.251323
4.248649
4.245997
4.243357
4.240725
4.238098
4.235483
4.232878
4.230288
4.227704
4.225127
4.222569
4.220013
4.217467
4.214943
4.212434
4.209933
4.207439
4.204967
4.202504
4.200052
4.197613
4.195178
4.192749
4.190322
4.187908
4.185495
4.183091
4.180691
4.178301
4.175915
4.173543
4.171176
4.168811
4.166454
4.164109
4.161778
4.159449
4.157125
4.154825
4.152533
4.150252
4.147984
4.145717
4.143457
4.141202
4.138965
4.136734
4.134506
4.132282
4.130062
4.127855
4.125656
4.123458
4.121264
4.119072
4.116893
4.114727
4.112564
4.110409
