2.623094
2.601338
2.580596
2.560840
2.540010
2.519412
2.499196
2.478974
2.459856
2.440586
2.421218
2.401864
2.382591
2.363475
2.344323
2.325801
2.306889
2.288737
2.270480
2.251980
2.233926
2.216091
2.198295
2.180544
2.163045
2.145717
2.129079
2.112511
2.095747
2.079352
2.062743
2.046798
2.031229
2.015778
2.000475
1.985123
1.969860
1.954665
1.939944
1.925156
1.910486
1.896007
1.881404
1.866897
1.852403
1.838409
1.824636
1.810883
1.797549
1.784549
1.771835
1.759255
1.746685
1.734365
1.722355
1.710263
1.698265
1.686444
1.674768
1.663188
1.651764
1.640341
1.628879
1.617667
1.606322
1.595263
1.584341
1.573327
1.562793
1.552336
1.542073
1.531925
1.521799
1.511702
1.501715
1.491766
1.481893
1.472071
1.462271
1.452530
1.442974
1.433500
1.423925
1.414381
1.404860
1.395380
1.386093
1.376864
1.367666
1.358550
1.349496
1.340446
1.331829
1.323526
1.315630
1.307829
1.300301
1.292844
1.286006
1.283084
1.280373
1.277807
1.276261
1.274912
1.273791
1.272724
1.271799
1.270896
1.270013
1.269144
1.268306
1.267471
1.266634
1.265841
1.265076
1.264329
1.263579
1.262839
1.262121
1.261455
1.260799
1.260146
1.259538
1.258934
1.258338
1.257745
1.257154
1.256568
1.255979
1.255393
1.254820
1.254258
1.253693
1.253136
1.252588
1.252040
1.251489
1.250944
1.250406
1.249868
1.249360
1.248848
1.248347
1.247854
1.247364
1.246885
1.246405
1.245925
1.245446
1.244969
1.244497
1.244028
1.243557
1.243092
1.242632
1.242173
1.241729
1.241282
1.240842
1.240403
1.239970
1.239534
1.239119
1.238705
1.238295
1.237887
1.237489
1.237091
1.236694
