8.990952
8.951536
8.917373
8.884137
8.850978
8.818744
8.787292
8.755913
8.725278
8.694783
8.664660
8.634880
8.606307
8.578018
8.549877
8.522034
8.494216
8.466537
8.438865
8.411349
8.383951
8.356722
8.329579
8.302592
8.275611
8.248863
8.222222
8.195644
8.169284
8.142996
8.116731
8.090472
8.064693
8.038956
8.013244
7.987618
7.962049
7.936510
7.911067
7.885673
7.860288
7.835025
7.809860
7.785224
7.760945
7.736705
7.712606
7.688538
7.664707
7.640893
7.617228
7.593565
7.570192
7.546975
7.523769
7.500592
7.477824
7.455135
7.432480
7.409876
7.387283
7.364710
7.342241
7.319803
7.297382
7.275003
7.252716
7.230507
7.208302
7.186183
7.164106
7.142238
7.120542
7.098879
7.077219
7.055646
7.034102
7.012810
6.991527
6.970257
6.949036
6.927844
6.906664
6.885550
6.864458
6.843689
6.822933
6.802190
6.781470
6.760828
6.740465
6.720133
6.699890
6.679661
6.659465
6.639321
6.619213
6.599232
6.579278
6.559341
6.539466
6.519600
6.499735
6.480169
6.460734
6.441419
6.422153
6.402917
6.383759
6.364609
6.345469
6.326333
6.307328
6.288384
6.269511
6.250644
6.231873
6.213108
6.194345
6.175600
6.156974
6.138485
6.120015
6.101705
6.083492
6.065352
6.047273
6.029247
6.011311
5.993395
5.975540
5.957765
5.940080
5.922550
5.905093
5.887659
5.870230
5.852856
5.835567
5.818384
5.801326
5.784274
5.767329
5.750444
5.733578
5.716804
5.700095
5.683458
5.666837
5.650447
5.634074
5.617793
5.601648
5.585510
5.569513
5.553610
5.537805
5.522006
5.506242
5.490564
5.475000
5.459609
5.444325
5.429119
5.414234
5.399363
5.384576
5.369807
5.355041
5.340321
5.325636
5.311006
5.296531
5.282063
5.267607
5.253159
5.238900
5.224791
5.210704
5.196763
5.183061
5.169523
5.155987
5.142570
5.129181
5.115824
5.102487
5.089238
5.076143
5.063055
5.049980
5.036967
5.024007
5.011102
4.998219
4.985343
4.972571
4.959875
4.947251
4.934701
4.922180
4.909762
4.897386
4.885109
4.872962
4.860903
4.848927
4.837067
4.825255
4.813457
4.801678
