18.709908
18.030341
17.443834
16.904702
16.366275
15.919343
15.474509
15.035713
14.601956
14.183049
13.774871
13.366971
12.985432
12.609789
12.244946
11.924322
11.609911
11.313918
11.047239
10.785686
10.525630
10.268923
10.015503
9.764640
9.538266
9.317334
9.100566
8.889479
8.680501
8.481592
8.285066
8.147167
8.048655
7.968912
7.891957
7.822550
7.753561
7.686021
7.620591
7.557494
7.495440
7.433823
7.374753
7.318249
7.262099
7.209654
7.157669
7.106140
7.056141
7.006971
6.958265
6.912551
6.867734
6.823893
6.780469
6.737502
6.694686
6.652099
6.609702
6.568313
6.527033
6.485889
6.445891
6.406164
6.367060
6.328493
6.291155
6.254104
6.217201
6.180930
6.145312
6.110046
6.075075
6.040345
6.005995
5.972375
5.939028
5.906145
5.873504
5.841352
5.809705
5.778643
5.747743
5.717299
5.687665
5.658495
5.629372
5.600449
5.572262
5.544170
5.516542
5.489541
5.462792
5.436479
5.410314
5.384414
5.358627
5.333187
5.308102
5.283891
5.260464
5.237266
5.214871
5.192929
5.171476
5.150240
5.129157
5.108141
5.087185
5.066969
5.046804
5.026799
5.007421
4.988126
4.968845
4.949620
4.930534
4.911484
4.892479
4.873536
4.854632
4.835895
4.817329
4.798950
4.780736
4.762557
4.744628
4.726774
4.709061
4.691634
4.674554
4.657713
4.640991
4.624453
4.608273
4.592381
4.576638
4.560933
4.545404
4.529920
4.514472
4.499206
4.483971
4.468999
4.454202
4.439437
4.424711
4.410027
4.395419
4.380975
4.366606
4.352409
4.338432
4.324498
4.310768
4.297184
4.283777
4.270573
4.257454
4.244446
4.231497
4.218569
4.205908
4.193431
4.181023
4.168743
4.156498
4.144574
4.132726
4.120901
4.109120
4.097843
4.086597
4.075448
4.064346
4.053258
4.042356
4.031555
4.020762
4.010031
3.999459
3.989037
3.978642
3.968314
3.958007
3.947799
3.937783
3.927838
3.917985
3.908341
3.898800
3.889312
3.879926
3.870622
3.861444
3.852354
3.843370
3.834503
3.825749
3.816999
3.808308
3.799711
3.791219
3.782776
3.774415
3.766093
3.757832
3.749700
3.741687
3.733714
3.725858
3.718108
3.710489
3.702900
3.695331
3.687815
3.680359
3.673031
3.665744
3.658486
3.651320
3.644169
3.637057
3.630015
3.623016
3.616148
3.609312
3.602547
3.595887
3.589243
3.582696
3.576278
3.569901
3.563639
3.557453
3.551377
3.545341
3.539375
3.533449
3.527542
3.521697
3.515869
3.510156
3.504473
3.498914
3.493383
3.487917
3.482463
3.477089
3.471739
3.466405
3.461090
3.455813
3.450578
3.445358
3.440171
3.435055
3.429975
3.424951
3.419980
3.415032
3.410114
3.405214
3.400376
3.395574
3.390789
3.386029
3.381277
3.376543
3.371921
3.367331
3.362779
3.358241
3.353712
3.349209
3.344720
3.340244
3.335792
3.331387
3.327015
3.322670
3.318342
3.314067
3.309803
3.305558
3.301386
3.297246
3.293130
3.289032
3.284944
3.280882
3.276834
3.272803
3.268804
3.264849
3.260904
3.256972
3.253057
3.249165
3.245299
3.241469
3.237654
3.233863
3.230081
3.226309
3.222552
3.218823
3.215100
3.211409
3.207723
3.204064
3.200444
3.196831
3.193237
3.189660
3.186110
3.182569
3.179038
3.175546
3.172068
3.168615
3.165183
3.161760
3.158342
3.154929
3.151548
3.148177
3.144824
3.141486
3.138182
3.134931
3.131713
3.128521
3.125345
3.122180
3.119034
3.115899
3.112777
3.109677
3.106597
3.103533
3.100491
3.097471
3.094465
3.091469
3.088486
3.085515
3.082561
3.079636
3.076714
3.073822
3.070944
3.068081
3.065236
3.062395
3.059592
3.056800
3.054024
3.051255
3.048501
3.045753
3.043035
3.040328
3.037628
3.034948
3.032276
3.029621
3.026979
3.024349
3.021740
3.019139
3.016555
3.013983
3.011425
3.008868
3.006318
3.003775
3.001246
2.998735
2.996248
2.993783
2.991322
2.988864
2.986411
2.983963
2.981517
2.979075
2.976642
2.974215
2.971789
2.969377
2.966972
2.964574
2.962180
2.959799
2.957432
2.955073
2.952719
2.950367
2.948024
2.945693
2.943368
2.941054
2.938742
2.936439
2.934145
2.931882
2.929625
2.927377
2.925136
2.922899
2.920671
2.918445
2.916234
2.914043
2.911857
2.909688
2.907520
2.905366
2.903218
2.901098
2.898981
2.896873
2.894770
2.892677
2.890588
2.888504
2.886423
2.884345
2.882277
2.880219
2.878184
2.876150
2.874120
2.872091
2.870066
2.868048
2.866040
2.864037
2.862040
2.860046
2.858062
2.856095
2.854131
2.852178
2.850230
2.848289
2.846365
2.844445
2.842536
2.840633
2.838732
2.836859
2.834988
2.833120
2.831253
2.829389
2.827532
2.825686
2.823848
2.822014
2.820193
2.818376
2.816563
2.814759
2.812962
2.811168
2.809386
2.807623
2.805863
2.804105
2.802352
2.800599
2.798850
2.797114
2.795387
2.793664
2.791946
2.790230
2.788518
2.786810
2.785112
2.783416
2.781723
2.780031
2.778342
2.776663
2.774988
2.773314
2.771643
2.769974
2.768316
2.766664
2.765020
2.763378
2.761742
2.760108
2.758478
2.756848
2.755235
2.753623
2.752018
2.750415
2.748816
2.747221
2.745638
2.744058
2.742490
2.740923
2.739362
2.737811
2.736264
2.734720
2.733187
2.731655
2.730129
2.728606
2.727087
2.725575
