9.382381
8.873275
8.435007
8.004051
7.573767
7.159131
6.754870
6.380916
6.019468
5.676145
5.391466
5.111800
4.966898
4.846895
4.738300
4.643813
4.555378
4.469056
4.390164
4.313146
4.240662
4.168846
4.100670
4.034353
3.968234
3.902198
3.837885
3.776327
3.715275
3.658809
3.605081
3.552153
3.501919
3.454194
3.408582
3.364292
3.320317
3.278317
3.237009
3.197355
3.158686
3.121304
3.085445
3.051142
3.017123
2.985187
2.953624
2.925013
2.897585
2.870582
2.847437
2.829373
2.812043
2.794986
2.780706
2.766995
2.754186
2.742800
2.731694
2.721410
2.711705
2.702525
2.693659
2.685248
2.676854
2.668811
2.660913
2.653112
2.645360
2.637794
2.630363
2.623003
2.615772
2.608711
2.601659
2.595061
2.588505
2.581958
2.575514
2.569128
2.562905
2.556713
2.550803
2.545195
2.539759
2.534334
2.529004
2.524025
2.519146
2.514312
2.509483
2.504710
2.500151
2.495648
2.491186
2.486784
2.482456
2.478148
2.473918
2.469704
2.465496
2.461340
2.457503
2.453836
2.450357
2.446943
2.443580
2.440350
2.437218
2.434137
2.431060
2.428110
2.425199
2.422332
2.419562
2.416826
2.414436
2.412207
2.409983
2.407789
2.405626
2.403565
2.401604
2.399653
2.397874
2.396162
2.394512
2.392992
2.391495
2.390038
2.388654
2.387272
2.385917
2.384564
2.383287
2.382046
2.380887
2.379759
2.378644
2.377580
2.376554
2.375537
2.374554
2.373586
2.372631
2.371690
2.370757
