-304.341264
-424.337268
-689.578282
-1327.373223
-5192.942040
-163299.265365
-21580678.545357
-527878852.982981
-912246318.079294
-1440605453.379945
-2031995703.629673
-2054336717.391336
-2054336717.494182
-2054336717.494182
-2204780.413892
-155142368.795657
-2769810929.628743
-2769810929.628743
1808.335072
1007.479877
727.292098
569.086299
477.131910
412.030571
367.756385
334.981956
308.669739
288.491499
270.907689
256.278927
243.898857
232.682320
223.114507
214.918865
207.434302
200.920337
195.295535
190.113007
185.563328
181.153381
176.984003
173.037407
169.246408
165.601625
162.185986
158.946772
155.957558
153.114543
150.408394
147.792983
145.309210
142.944491
140.656504
138.490011
136.363129
134.396151
132.448086
130.615237
128.848742
127.129190
125.452024
123.820891
122.207457
120.643989
119.148001
117.702321
116.271477
114.928991
113.613621
112.347523
111.095091
109.881233
108.746424
107.656091
106.638641
105.639309
104.657133
103.697917
102.749230
101.817854
100.904968
100.018335
99.141755
98.275640
97.431746
96.609470
95.819784
95.039856
94.274546
93.529819
92.795471
92.066407
91.340587
90.618166
89.927409
89.240774
88.569185
87.902499
87.257552
86.625243
86.012368
85.410536
84.819689
84.236419
83.656704
83.087655
82.527095
81.970485
81.422391
80.881583
80.351538
79.840608
79.333685
78.828787
78.327705
77.830479
77.350801
76.877001
76.406933
75.940454
75.482432
75.035163
74.592675
74.154391
73.720120
73.300603
72.887909
72.486319
72.088699
71.691512
71.304278
70.918373
70.533820
70.155989
69.780642
69.409157
69.039188
68.671669
68.307954
67.945094
67.583957
67.224214
66.867651
66.514629
66.164647
65.818412
65.475690
65.134415
64.800641
64.469387
64.141207
63.816989
63.494912
63.174714
62.860922
62.547195
62.233885
61.922272
61.612414
61.304697
61.001592
60.702162
60.405443
60.114237
59.824033
59.535998
59.249205
58.965127
58.682783
58.401384
58.126000
57.850993
57.576853
57.303008
57.031498
56.761821
56.493299
56.227965
55.966729
55.712036
55.458464
55.207241
54.958133
54.716917
54.478467
54.245065
54.014584
53.785328
53.556319
53.327755
53.101805
52.878380
52.657165
52.440127
52.223892
52.009183
51.795574
51.583016
51.371371
51.160001
50.951635
50.744423
50.537909
50.331575
50.125884
49.920686
49.720622
49.523081
49.327394
49.132331
48.937842
