8.712763
8.678771
8.647347
8.616575
8.585788
8.555934
8.527389
8.500238
8.472816
8.444814
8.416896
8.388304
8.361320
8.335908
8.309934
8.283665
8.256499
8.230260
8.205506
8.179939
8.153840
8.128055
8.101872
8.075283
8.048936
8.023165
7.997199
7.971749
7.946046
7.921087
7.896275
7.872967
7.848634
7.824067
7.799974
7.774793
7.749934
7.726568
7.703754
7.678883
7.655118
7.631114
7.606334
7.583618
7.560377
7.538326
7.515045
7.491231
7.469738
7.447289
7.424910
7.403104
7.380183
7.358452
7.337316
7.314678
7.292559
7.271879
7.250926
7.230039
7.207681
7.186264
7.165103
7.142890
7.121288
7.099486
7.079606
7.058466
7.037231
7.016607
6.994884
6.974868
6.954041
6.934322
6.913005
6.892704
6.871699
6.851746
6.831373
6.811526
6.791511
6.770976
6.751189
6.731084
6.710255
6.689836
6.669656
6.649893
6.629535
6.609843
6.590246
6.570513
6.550507
6.531719
6.512350
6.493043
6.473955
6.454362
6.434907
6.415297
6.395961
6.376989
6.357775
6.338732
6.319520
6.300435
6.281460
6.262968
6.243996
6.225547
6.206794
6.187931
6.169748
6.151594
6.133351
6.115639
6.097175
6.079840
6.061267
6.043086
6.025147
6.007832
5.990456
5.972420
5.954639
5.936743
5.919209
5.901627
5.884372
5.866929
5.849977
5.832986
5.815831
5.798841
5.781813
5.764564
5.747961
5.730863
5.714094
5.698374
5.681872
5.665606
5.648792
5.632430
5.616120
5.599999
5.584201
5.567828
5.551523
5.535263
5.519408
5.504255
5.488851
5.473740
5.458929
5.443626
5.427955
5.412662
5.397767
5.382887
5.367849
5.352735
5.338293
5.324446
5.309977
5.295586
5.281677
5.267064
5.252908
5.238411
5.224767
5.210616
5.196943
5.182998
5.168970
5.154888
5.141214
5.127564
5.113667
5.100020
5.086758
5.073511
5.060146
5.046896
5.033766
5.020541
5.007295
4.994471
4.981505
4.969054
4.956296
4.944013
4.931364
4.918909
4.906170
4.893579
4.880935
4.869055
4.856657
4.844887
4.832484
4.820387
4.808419
4.796879
4.785279
4.773359
4.761777
4.749993
4.738348
4.727074
4.716105
