8.165208
7.764703
7.433215
7.087809
6.703916
6.340336
6.037132
5.697440
5.359998
5.081662
4.821750
4.573501
4.477936
4.392276
4.314524
4.244191
4.178358
4.111226
4.043990
3.983988
3.917543
3.860437
3.802247
3.750070
3.693347
3.630961
3.575883
3.516524
3.463092
3.414244
3.367709
3.323211
3.273847
3.232707
3.193438
3.154137
3.114207
3.076584
3.039750
3.004569
2.970166
2.936408
2.904850
2.874300
2.842836
2.810450
2.782537
2.755799
2.730476
2.705490
2.684517
2.667427
2.651264
2.636991
2.624899
2.609611
2.598398
2.588825
2.579209
2.566806
2.558680
2.550964
2.539152
2.532223
2.525139
2.518442
2.511714
2.500825
2.494180
2.487744
2.481537
2.475331
2.469198
2.463364
2.457285
2.451665
2.446079
2.440440
2.434967
2.429365
2.423927
2.418586
2.413446
2.408359
2.403497
2.398540
2.393795
2.389353
2.385008
2.380782
2.376422
2.369023
2.365051
2.361099
2.357266
2.353389
2.349600
2.345701
2.341917
2.338171
2.334351
2.330701
2.327246
2.323959
2.320897
2.317841
2.314784
2.311861
2.309024
2.306234
2.303474
2.300830
2.298187
2.295532
2.292977
2.290460
2.288230
2.286141
2.284427
2.282396
2.280383
2.278758
2.277267
2.275438
2.274077
2.272710
2.271579
2.270367
2.269195
2.268021
2.267042
2.266024
2.264876
2.263898
2.262963
2.262060
2.261178
2.260323
2.259373
2.258533
2.257716
2.256937
2.256156
2.255384
2.254605
2.253871
2.253040
