17.184287
16.775389
16.361271
15.987322
15.638035
15.310329
14.987441
14.662769
14.384623
14.117323
13.841975
13.554432
13.312909
13.040560
12.794490
12.565821
12.319260
12.075207
11.848562
11.619664
11.441683
11.264291
11.092861
10.934929
10.789587
10.644564
10.554096
10.465233
10.389409
10.317645
10.238777
10.168310
10.095975
10.025291
9.960454
9.896782
9.834251
9.773492
9.707433
9.647174
9.583387
9.525814
9.467124
9.411907
9.358144
9.305306
9.249111
9.199597
9.152308
9.105538
9.058371
9.010719
8.961347
8.916739
8.871961
8.827875
8.785519
8.743333
8.702092
8.656266
8.615465
8.577462
8.539456
8.503183
8.468817
8.434120
8.394648
8.360555
8.326148
8.292523
8.258982
8.226324
8.193643
8.160751
8.128783
8.095169
8.064033
8.034276
8.004019
7.973868
7.943043
7.913046
7.885503
7.850883
7.821604
7.792514
7.764126
7.735578
7.708308
7.681517
7.654264
7.627600
7.600791
7.569281
7.542597
7.516029
7.489889
7.464022
7.438967
7.413772
7.388147
7.362933
7.337542
7.312470
7.288167
7.259922
7.235662
7.214234
7.190516
7.167197
7.143989
7.122644
7.099763
7.076936
7.049732
7.027261
7.002931
6.980571
6.958477
6.938848
6.916587
6.890259
6.869330
6.847939
6.827180
6.806246
6.786133
6.765828
6.745376
6.724817
6.704352
6.683986
6.663575
6.638716
6.619176
6.599225
6.579679
6.560166
6.540916
6.521228
6.502113
6.482611
6.463753
6.444668
6.426010
6.407403
6.389320
6.366155
6.348468
6.330130
6.312252
6.294607
6.277029
6.259616
6.242285
6.224834
6.207925
6.191290
6.174586
6.158040
6.138099
6.123406
6.108481
6.093937
6.077832
6.061950
6.046385
6.030804
6.010824
5.995439
5.980250
5.965262
5.950172
5.935297
5.920564
5.905747
5.891066
5.876739
5.862496
5.848362
5.834366
5.820024
5.805909
5.791630
5.772677
5.758617
5.744758
5.730923
5.718164
5.704522
5.690970
5.677641
5.664333
5.651031
5.637834
5.626304
5.613423
5.597650
5.581715
5.570400
5.558324
5.546407
5.534551
5.522694
5.510863
5.499042
5.487216
5.476313
5.465316
5.455220
5.439046
5.428768
5.417670
5.406650
5.396873
5.386805
5.375999
5.365250
5.354468
5.345171
5.334452
5.323934
5.313373
5.303163
5.288641
5.279098
5.270105
5.260150
5.250902
5.241019
5.231900
5.223338
5.214415
5.204853
5.195313
5.185839
5.176409
5.162383
5.153044
5.144716
5.135384
5.126297
5.113569
5.104491
5.096167
5.087169
5.078243
5.069374
5.060547
5.051716
5.042972
5.035367
5.026768
5.019258
5.010782
4.998311
4.990952
4.983524
4.976252
4.968118
4.960104
4.952943
4.944951
4.938148
4.931249
4.919482
4.912702
4.905689
4.898066
4.891335
4.884514
4.877823
4.871015
4.863838
4.857356
4.850560
4.843888
4.837320
4.825879
4.818916
4.812351
4.805938
4.799479
4.793411
4.787231
4.781155
4.775081
4.768492
4.761803
4.755700
4.745133
4.738578
4.732066
4.725623
4.719219
4.713495
4.702325
4.696531
4.691029
4.685521
4.680101
4.674600
4.669236
4.663684
4.658195
4.652797
4.647557
4.642221
4.636875
4.631668
4.626569
4.616378
4.611255
4.606215
4.601116
4.595954
4.591162
4.586390
4.581647
4.576833
4.571441
4.566008
4.561260
4.556425
4.551577
4.546669
4.542094
4.537059
4.532450
4.522842
4.518708
4.514074
4.510009
4.505536
4.495908
4.491575
4.487101
4.482852
4.478231
4.474057
4.469814
4.465646
4.461559
4.457509
4.453373
4.449283
4.445341
4.441188
4.437166
4.433096
4.429203
4.425351
4.421544
4.417777
4.408934
4.405063
4.401305
4.397419
4.393504
4.389348
4.385617
4.381990
4.378141
4.374461
4.370738
4.367079
4.363360
4.354298
4.350780
4.347309
4.343989
4.340360
4.336751
4.333304
4.329844
4.326429
4.323159
4.319721
4.316621
4.313160
4.309887
4.306696
4.303350
4.299942
4.296782
4.293384
4.290122
4.281787
4.278572
4.275423
4.272182
4.268929
4.265782
4.262553
4.259400
4.256364
4.253378
4.250102
4.247212
4.244183
4.241106
4.238148
4.235115
4.232088
4.229021
4.225939
4.223096
4.220265
4.217415
4.214413
4.211454
4.208440
4.205569
4.202706
4.194846
4.191963
4.189194
4.186389
4.183693
4.180987
4.178236
4.175467
4.172670
4.169842
4.166983
4.164222
4.161776
4.159144
4.156524
4.153878
4.146240
4.143693
4.141088
4.138449
4.135911
4.133288
4.130641
4.128098
4.125704
4.123170
4.120692
4.118115
4.115663
4.113094
4.110633
4.108204
4.105637
4.103185
4.100713
4.098197
4.095771
4.093327
4.091025
4.088678
4.081115
4.078680
4.076347
4.073981
4.071665
4.069351
4.066945
4.064603
4.062304
4.060043
4.057765
4.055625
4.053364
4.051283
4.049019
4.046777
4.044539
4.042247
4.039973
4.037743
4.035569
4.033364
4.031136
4.028931
4.026789
4.024588
4.022433
4.020351
4.018243
4.016171
4.014171
4.012082
4.009987
4.007884
4.005691
4.003531
4.001378
3.994430
3.992522
3.990578
3.988571
3.986562
3.984566
3.982479
3.980392
3.978356
3.976340
3.974361
3.972370
3.970589
3.968514
3.966562
3.964515
3.962588
3.960553
3.958604
3.956618
3.954736
3.952845
3.950944
3.949042
3.947161
3.945252
3.943371
3.941483
3.939584
3.937691
3.935853
3.934022
3.932139
