15.938716
15.449584
15.006682
14.611341
14.203363
13.846231
13.494035
13.146970
12.802923
12.469432
12.140272
11.824030
11.524497
11.222181
10.920508
10.652223
10.387974
10.135099
9.918662
9.692367
9.471647
9.243996
9.023501
8.805126
8.607770
8.411566
8.222517
8.038180
7.862310
7.689761
7.513658
7.391546
7.315081
7.247822
7.187839
7.132098
7.077658
7.018451
6.965975
6.915246
6.860780
6.811004
6.762705
6.717141
6.671614
6.622686
6.579274
6.537163
6.496631
6.455664
6.410390
6.372770
6.336118
6.299855
6.258955
6.222797
6.187378
6.152035
6.116258
6.080911
6.040753
6.005765
5.972570
5.939327
5.906076
5.873764
5.836847
5.805668
5.774241
5.744012
5.714020
5.683568
5.649016
5.619205
5.589661
5.560729
5.532005
5.503644
5.475563
5.447816
5.415676
5.388781
5.362236
5.335953
5.310242
5.285186
5.259619
5.229601
5.204911
5.180744
5.157282
5.134197
5.110778
5.087490
5.064691
5.041825
5.014445
4.992117
4.969827
4.948949
4.928449
4.910395
4.890612
4.866096
4.847019
4.828073
4.811755
4.787983
4.769456
4.751491
4.733634
4.716357
4.699213
4.682211
4.665058
4.647676
4.630521
4.613967
4.596881
4.574867
4.557755
4.541115
4.524274
4.507775
4.491958
4.475636
4.459613
4.443757
4.427784
4.412583
4.393978
4.379081
4.364171
4.349306
4.336339
4.322171
4.307836
4.289975
4.276038
4.263359
4.249440
4.235730
4.221984
4.209768
4.196270
4.182964
4.169698
4.151283
4.138355
4.125312
4.112121
4.099220
4.086660
4.075070
4.062581
4.050190
4.037967
4.026078
4.014275
3.998454
3.986882
3.975187
3.965191
3.953770
3.938358
3.927319
3.917439
3.906632
3.895868
3.885119
3.875572
3.865367
3.855134
3.845170
3.834991
3.819813
3.809903
3.800038
3.790388
3.780522
3.770980
3.762632
3.753151
3.743738
3.735246
3.726779
3.717595
3.704192
3.690885
3.683002
3.675115
3.666448
3.658928
3.651658
3.643109
3.634771
3.621833
3.614622
3.606615
3.598583
3.590568
3.582778
3.575918
3.568230
3.560538
3.553599
3.547016
3.540364
3.533018
3.526600
3.514724
3.508268
3.496318
3.490378
3.483367
3.477390
3.470520
3.464433
3.457657
3.451599
3.445086
3.439359
3.433519
3.421918
3.415477
3.409932
3.404483
3.398216
3.392864
3.387545
3.382350
3.377057
3.371159
3.366033
3.360361
3.355417
3.350445
3.339923
3.335164
3.329833
3.325208
3.320351
3.315091
3.310621
3.306132
3.301563
3.297052
3.292535
3.288588
3.284333
3.279956
3.275440
3.271000
3.266560
3.256784
3.252416
3.247671
3.243529
3.239372
3.235428
3.231510
3.227601
3.223551
3.219627
3.215658
3.211575
3.207658
3.203774
3.199957
3.196216
3.186865
3.183069
3.179264
3.175501
3.171658
3.168044
3.164412
3.160873
3.157346
3.153859
3.150322
3.146602
3.143083
3.139600
3.136150
3.127212
3.123764
3.120470
3.117024
3.113676
3.110510
3.107146
3.103815
3.100498
3.096799
3.093506
3.090159
3.086835
3.083499
3.080327
3.077227
3.073981
3.070890
3.062383
3.059153
3.056156
3.053115
3.049864
3.046717
3.043567
3.040516
3.037770
3.034765
3.031846
3.028764
3.025840
3.022945
3.020028
3.017107
3.014212
3.011439
3.008558
3.005729
3.002813
2.999898
2.991942
2.989232
2.986706
2.983787
2.981062
2.978700
2.976004
2.973240
2.970653
2.962658
2.960029
2.957478
2.954869
2.952175
2.949572
2.947126
2.944858
2.942540
2.939906
2.937363
2.934802
2.932342
2.929871
2.927384
2.924977
2.922557
2.920181
2.917734
2.915395
2.913036
2.910748
2.908360
2.906096
2.903728
2.901422
2.899068
2.897121
2.894816
2.892522
2.885279
2.883061
2.880880
2.873335
2.871115
2.868929
2.866948
2.864739
2.862682
2.860487
2.858458
2.856276
2.854129
2.852042
2.850005
2.847915
2.845870
2.843813
2.841732
2.839698
2.837612
2.835507
2.833427
2.831365
2.829311
2.827229
2.825231
2.823508
2.821450
2.819426
2.817458
2.815452
2.813484
2.811467
2.804191
2.802183
2.800521
2.798606
2.796638
2.794659
2.792730
2.790929
2.789047
2.787199
2.785591
2.783673
2.781829
2.779916
2.778068
2.776202
2.774376
2.772585
2.765299
2.763498
2.761787
2.760094
2.758337
2.756534
2.754878
2.753134
2.751412
2.749668
2.748083
2.746350
2.744614
2.742877
2.741151
2.739364
2.737631
2.735962
2.734286
2.732565
2.730791
2.729067
2.727550
2.725929
2.724399
2.722884
2.721312
2.719670
2.718159
2.716524
2.714847
2.707898
2.706263
2.704651
2.703053
2.701418
2.699782
2.698272
2.696732
2.695116
2.693567
2.692042
2.690460
2.688890
2.687308
2.685761
2.684253
2.682697
2.681125
2.679601
2.678184
2.676718
2.675246
2.673853
2.672543
2.671111
2.669578
2.668109
2.666623
2.665156
2.663645
2.662168
2.660679
2.659215
2.657729
2.656267
2.655018
2.653588
2.652184
2.650697
2.649224
2.647779
2.641119
2.639714
2.638333
2.637020
2.635594
2.634431
2.633071
2.631701
2.630380
2.629019
2.627649
2.626273
2.624940
2.623590
2.622203
2.621066
2.619711
2.618356
2.617044
2.615691
2.614337
2.613039
2.611711
2.610417
2.609269
2.607993
2.606695
2.605540
2.604247
2.603194
2.601933
