6.766010
6.359222
5.984214
5.596229
5.206109
4.840460
4.505861
4.165198
3.906490
3.676967
3.447788
3.260293
3.088976
2.923949
2.781168
2.641286
2.535580
2.462973
2.401128
2.343769
2.283875
2.223394
2.174583
2.121853
2.072389
2.023157
1.970630
1.924548
1.880718
1.836232
1.795907
1.757354
1.722212
1.688053
1.663973
1.641491
1.627742
1.613935
1.603587
1.591549
1.583136
1.575288
1.567688
1.560851
1.550702
1.543943
1.537311
1.527276
1.521086
1.515046
1.508963
1.502989
1.497461
1.491954
1.486574
1.481286
1.476192
1.471081
1.463010
1.458177
1.453300
1.448597
1.444316
1.440253
1.436490
1.432588
1.429010
1.425535
1.422176
1.418889
1.415607
1.412388
1.409861
1.406772
1.403761
1.401271
1.398553
1.395802
1.393075
1.390354
1.387658
1.385323
1.382875
1.380478
1.378021
1.376178
1.373944
1.370150
1.368606
1.366688
1.364886
1.363594
1.362200
1.360506
1.359195
1.358068
1.357014
1.356124
1.355104
1.354149
1.353176
1.352251
1.351370
1.350531
1.349868
1.349169
1.348520
1.347807
1.347182
1.346587
1.345987
1.345405
1.344862
1.344315
1.343798
1.343310
1.342812
1.342317
1.341867
1.341384
1.340901
1.340422
1.339958
1.339687
1.339256
1.338810
1.338394
1.337942
1.337527
1.337110
1.336705
1.336281
1.336037
1.335644
1.335303
1.334979
1.334768
1.334442
1.334151
1.333858
1.333648
1.333378
1.333122
1.332867
1.332717
1.332558
1.332414
