64.639367
64.504123
64.346487
64.239868
64.116453
63.966637
63.870866
63.713954
63.616849
63.487993
63.372319
63.244759
63.160212
63.029295
62.908848
62.736214
62.553377
62.399194
62.218349
62.046694
61.900665
61.766691
61.615158
61.498046
61.389623
61.229254
61.103901
61.012507
60.870821
60.765147
60.628405
60.556289
60.448550
60.309641
60.188445
60.076148
59.965558
59.836419
59.726997
59.607057
59.460226
59.383070
59.276969
59.146634
58.988486
58.798243
58.675897
58.596306
58.443010
58.286755
58.143694
58.053096
57.947020
57.819643
57.728967
57.577078
57.427865
57.327687
57.196570
57.055436
57.001696
56.902877
56.787428
56.709374
56.583666
56.512234
56.426462
56.315438
56.198598
56.098705
55.901055
55.816175
55.676754
55.556074
55.400805
55.331438
55.220138
55.111758
55.034957
54.888677
54.744486
54.652428
54.542031
54.435737
54.365601
54.240339
54.048866
53.996073
53.918896
53.863994
53.771225
53.635152
53.512602
53.403382
53.335602
53.195370
53.052155
52.986860
52.879999
52.758079
52.667805
52.635916
52.521768
52.443041
52.259315
52.187492
52.072751
51.952055
51.835478
51.683365
51.584133
51.466930
51.324900
51.204508
51.078236
50.917728
50.737137
50.637651
50.568486
50.440978
50.269651
50.189887
50.123593
49.991511
49.877192
49.738534
49.664185
49.504400
49.405339
49.333950
49.176527
49.058324
48.953575
48.878662
48.816826
48.676036
48.615492
48.521790
48.459540
48.342524
48.202123
48.143452
48.034335
47.924992
47.851490
47.779259
47.679139
47.601282
47.490613
47.350376
47.233617
47.188473
47.143173
47.037893
46.941335
46.865280
46.704703
46.595324
46.527051
46.432693
46.323910
46.210073
46.139421
46.075262
45.952576
45.865202
45.806121
45.705899
45.658833
45.433187
45.314983
45.222425
45.109381
45.053265
44.944864
44.888271
44.769078
44.654170
44.612911
44.430443
44.335011
44.221693
44.120006
44.065266
44.014340
43.908612
43.740350
43.659336
43.595066
43.559374
43.515055
43.260468
43.151099
43.112620
43.006302
42.920552
42.829932
42.682043
42.616058
42.496393
42.467594
42.422944
42.331941
42.271924
42.180783
42.113739
42.075190
41.987576
41.929499
41.747090
41.657004
