17.184287
17.139641
17.084825
17.056954
17.006479
16.959210
16.941661
16.932688
16.872331
16.842769
16.803951
16.765831
16.749608
16.726102
16.654017
16.635759
16.630216
16.599046
16.509685
16.493734
16.456425
16.437074
16.423518
16.399418
16.373699
16.365562
16.336650
16.315988
16.283501
16.268903
16.241532
16.185427
16.165842
16.142932
16.090214
16.085502
16.058269
16.049304
16.033987
16.022230
16.011296
15.997379
15.985535
15.978018
15.948356
15.926630
15.899876
15.872704
15.865238
15.848387
15.836819
15.539857
15.526115
15.514639
15.489616
15.480410
15.472738
15.466224
15.443567
15.425659
15.411471
15.390920
15.348072
15.279008
15.256594
15.246703
15.241592
15.224593
15.144620
14.942709
14.926261
14.911277
14.901231
14.893882
14.873612
14.789679
14.742503
14.713858
14.674710
14.637725
14.631502
14.628734
14.597006
14.590009
14.577393
14.569980
14.554659
14.526836
14.516277
14.501384
14.488804
14.461693
14.454603
14.442889
14.434575
14.425569
14.413475
14.406453
14.263758
14.256727
14.247525
14.231050
14.222442
14.207891
14.203483
14.193798
14.180717
14.112044
14.103357
14.093812
14.086568
14.053935
13.975941
13.945089
13.919238
13.909851
13.886933
13.878048
13.859270
13.848495
13.843373
13.825462
13.807216
13.778847
13.770397
13.764267
13.735234
13.720331
13.703697
13.677356
13.672347
13.613769
13.580560
13.555324
13.545905
13.493225
13.455762
13.444207
13.406451
13.383551
13.372975
13.336252
13.323545
13.316702
13.304099
13.292319
13.285587
13.265766
13.262279
13.252698
13.244366
13.233341
13.209897
13.194521
13.175061
13.169402
13.144385
13.141165
13.119896
13.111288
13.101096
13.090784
13.081313
13.075946
13.069727
13.055729
13.052053
13.045667
13.021917
13.003229
12.996964
12.983629
12.968501
12.963246
12.932359
12.923605
12.885957
12.878432
12.861078
12.841713
12.827279
12.825523
12.822044
12.813075
12.809914
12.806655
12.760933
12.749145
12.744502
12.734214
12.727738
12.722398
12.715812
12.700417
12.662198
12.655218
12.644599
12.617820
12.569111
12.336816
12.328981
12.306882
12.302924
12.291694
12.284560
12.273926
12.227484
12.195257
12.184845
12.121303
12.115608
12.111383
12.090873
12.079913
12.068944
12.052396
12.031557
12.005781
12.001002
11.988847
11.983606
11.979355
11.970366
11.955552
11.951134
11.940017
11.934750
11.911750
11.900146
11.883638
11.873523
11.860374
11.855183
11.846421
11.845109
11.821984
11.810998
11.800326
11.790725
11.787279
11.780875
11.764850
11.754686
11.750956
11.747655
11.741861
11.734304
11.727606
11.702425
11.687803
11.677795
11.654460
11.608059
11.603483
11.581684
11.572830
11.546659
11.529419
11.523305
11.509679
11.504598
11.485442
11.473260
11.468070
11.463514
11.451756
11.442128
11.437223
11.424385
11.409372
11.405136
11.397850
11.393306
11.132402
11.126940
11.122403
11.116329
11.112618
11.097123
11.087423
11.054585
11.039603
11.024052
10.980768
10.973851
10.960436
10.950372
10.939472
10.921877
10.919350
10.906176
10.898301
10.888879
10.878205
10.864660
10.851098
10.840072
10.823445
10.817103
10.810135
10.800908
10.794757
10.792576
10.760488
10.739575
10.711633
10.704103
10.692467
10.689785
10.686276
10.678714
10.670033
10.655123
10.651209
10.648277
10.634120
10.600023
10.580887
10.572696
10.402809
10.399877
10.247219
10.239531
10.235214
10.229126
10.226193
10.216064
10.211371
10.203329
10.196050
10.186140
10.176497
10.167284
10.160508
10.152440
10.130103
10.122950
10.120118
10.117085
10.104473
10.097910
10.086667
10.077605
10.073725
10.061517
10.058123
10.054865
10.047219
10.041652
10.038679
10.029236
10.027032
10.023184
10.017315
10.006561
9.974891
9.969028
9.964863
9.955259
9.950650
9.948917
9.946572
9.938597
9.929975
9.891021
9.889618
9.881966
9.874342
9.868925
9.861364
9.857397
9.834443
9.832181
9.825010
9.819960
9.816258
9.810397
9.783921
9.780829
9.776685
9.775160
9.764367
9.760868
9.757850
9.746931
9.742095
9.730905
9.728312
9.726161
9.722961
9.719188
9.705404
9.699990
9.695780
9.682942
9.677096
9.667056
9.660124
9.652725
9.650728
9.632906
9.626771
9.621288
9.468823
9.460902
9.457314
9.453787
9.449018
9.446616
9.441985
9.434224
9.410100
9.385646
9.383371
9.370124
9.360294
9.357837
9.356147
9.351727
9.344989
9.337422
9.333492
9.324826
9.318087
9.279686
9.270780
9.265837
9.255683
9.251905
9.233245
9.225379
9.223511
9.220398
9.210297
9.205269
9.187831
9.128709
9.102600
9.095214
9.079459
9.070032
9.060439
9.058062
9.053245
9.051539
9.045806
9.038900
9.012139
9.007417
9.002593
8.989400
8.981476
8.979123
8.958306
8.943151
8.828367
8.816560
8.814533
8.806754
8.804993
8.799547
8.793751
8.788253
8.765113
8.763920
8.760738
8.752504
8.717507
8.710165
8.705132
8.690924
8.689254
8.684549
8.680968
8.678955
8.675493
8.672331
8.669560
8.667634
8.665315
8.662098
8.649840
8.647074
8.645448
8.642500
8.641117
8.636499
8.626420
8.622909
8.616403
8.610890
8.606213
8.604924
8.600570
8.599572
8.596903
8.589395
8.576047
8.571752
8.567646
8.562609
8.549080
8.541405
8.539217
8.534986
8.534087
8.531058
8.514983
8.482238
8.476730
8.474682
8.471322
8.460990
8.455620
8.432693
8.431211
8.427737
8.424637
8.421519
8.414183
8.405531
8.399217
8.391928
8.386924
