20.370995
20.304421
20.218296
20.179934
20.105008
20.027070
19.999207
19.985711
19.883766
19.844244
19.780117
19.717898
19.692664
19.655589
19.544694
19.515984
19.507805
19.456983
19.318131
19.293486
19.246481
19.216777
19.195915
19.158767
19.118502
19.106691
19.061791
19.031416
18.989134
18.966803
18.925209
18.843032
18.813574
18.779420
18.704410
18.697554
18.655436
18.642043
18.619039
18.601803
18.585536
18.564683
18.547414
18.536268
18.495399
18.471636
18.433274
18.396035
18.385204
18.359043
18.342144
17.973401
17.953228
17.937201
17.900455
17.886796
17.875848
17.866810
17.834887
17.808397
17.787809
17.765661
17.700171
17.596374
17.562536
17.548131
17.541121
17.516442
17.407672
17.162801
17.140544
17.118716
17.104346
17.094064
17.066455
16.948633
16.876138
16.845927
16.790396
16.735208
16.726442
16.722647
16.675162
16.665391
16.647182
16.637083
16.623014
16.582809
16.567772
16.546721
16.530445
16.494485
16.484712
16.468115
16.456489
16.443928
16.426658
16.417111
16.243913
16.234417
16.221340
16.205551
16.193479
16.172967
16.166815
16.153509
16.135209
16.033136
16.021198
16.008194
15.998218
15.951283
15.841343
15.798571
15.769830
15.757097
15.724951
15.712362
15.685454
15.671085
15.664067
15.641006
15.615496
15.577422
15.565666
15.557358
15.516035
15.494897
15.473009
15.443418
15.436848
15.354659
15.315555
15.281998
15.269276
15.198317
15.149857
15.134085
15.079845
15.050751
15.036388
14.992485
14.976266
14.966937
14.949553
14.933513
14.924621
14.897063
14.892503
14.879344
14.867969
14.853133
14.821134
14.800296
14.775673
14.768229
14.743774
14.739534
14.710279
14.698735
14.684697
14.670758
14.658130
14.651115
14.642659
14.623819
14.619189
14.610797
14.578299
14.553482
14.545157
14.527531
14.508184
14.501406
14.466495
14.454529
14.407804
14.397737
14.374303
14.349252
14.329978
14.327762
14.323203
14.311200
14.307092
14.302882
14.242297
14.226847
14.220773
14.206899
14.198591
14.191639
14.183153
14.169904
14.119474
14.110193
14.096227
14.062197
13.997524
13.721052
13.710729
13.681143
13.676055
13.661076
13.651858
13.637854
13.577155
13.543054
13.529086
13.446205
13.438908
13.433515
13.405813
13.391520
13.377298
13.362771
13.334519
13.299399
13.293153
13.277292
13.270540
13.265172
13.253597
13.233859
13.228215
13.213345
13.206572
13.176690
13.161631
13.147585
13.134224
13.117455
13.110888
13.099554
13.097904
13.066872
13.052752
13.038888
13.026629
13.022254
13.013973
12.992622
12.979248
12.974529
12.970450
12.963014
12.953338
12.944528
12.912338
12.893688
12.880921
12.858828
12.800940
12.795160
12.766446
12.755220
12.722284
12.701611
12.693792
12.675831
12.669514
12.646460
12.631987
12.625517
12.619825
12.604677
12.592447
12.586336
12.569843
12.550382
12.545009
12.542588
12.536902
12.201084
12.194182
12.188506
12.180777
12.176167
12.156459
12.144047
12.102868
12.084602
12.064508
12.010328
12.001734
11.985673
11.979869
11.965822
11.944759
11.941686
11.924482
11.914574
11.902444
11.889091
11.872977
11.855880
11.841625
11.820338
11.812326
11.803505
11.792592
11.784902
11.782253
11.750029
11.724323
11.692013
11.682535
11.667543
11.664247
11.659803
11.650411
11.639627
11.620574
11.615745
11.612246
11.594510
11.557381
11.534633
11.524293
11.332744
11.329155
11.142641
11.133026
11.127656
11.120070
11.116495
11.104060
11.098395
11.088544
11.079412
11.067760
11.055731
11.044266
11.035969
11.025918
10.998733
10.989944
10.986528
10.982944
10.973917
10.965753
10.951757
10.940291
10.935504
10.920272
10.916149
10.912107
10.902600
10.895705
10.892193
10.880488
10.877776
10.873175
10.865924
10.852523
10.814366
10.807262
10.802146
10.791187
10.785523
10.783432
10.780625
10.770774
10.760117
10.712905
10.711212
10.708246
10.698892
10.692346
10.683311
10.678579
10.650868
10.648146
10.639114
10.632928
10.628495
10.621207
10.589952
10.586267
10.581116
10.579287
10.565797
10.561552
10.557916
10.544221
10.538442
10.524611
10.521560
10.518954
10.515075
10.510485
10.493707
10.487093
10.481978
10.472431
10.465792
10.453604
10.445196
10.436129
10.433714
10.412491
10.405061
10.398339
10.232143
10.222381
10.218033
10.213724
10.208020
10.205195
10.199574
10.190051
10.161503
10.132306
10.129555
10.114000
10.102031
10.099090
10.097103
10.091626
10.083512
10.074180
10.069418
10.058747
10.050595
10.010056
9.998879
9.992850
9.980555
9.976076
9.954014
9.944349
9.942148
9.938340
9.925698
9.919624
9.905716
9.828076
9.797627
9.788542
9.770308
9.759723
9.748025
9.745202
9.739454
9.737418
9.730476
9.722244
9.690930
9.685214
9.679417
9.663867
9.654229
9.651444
9.627413
9.609068
9.483477
9.475124
9.472691
9.463768
9.461713
9.455103
9.448021
9.441292
9.414666
9.413283
9.409524
9.399547
9.364844
9.355811
9.350197
9.333769
9.331760
9.326132
9.321856
9.319411
9.315364
9.311506
9.308233
9.305908
9.303192
9.299429
9.285609
9.282343
9.280452
9.276929
9.275261
9.269709
9.257570
9.253319
9.245711
9.239004
9.233370
9.231821
9.226655
9.225475
9.222310
9.213414
9.198038
9.192991
9.188157
9.182124
9.172141
9.163587
9.161040
9.156403
9.155358
9.151763
9.133419
9.096057
9.089458
9.087144
9.083177
9.071429
9.065020
9.038913
9.037167
9.033006
9.029296
9.025590
9.016717
9.007088
8.999461
8.990887
8.985056
