7.424254
7.387802
6.929936
6.898982
6.873481
6.866296
6.803319
6.797126
6.795544
6.789812
6.770151
6.764988
6.750788
6.738158
6.657760
6.652836
6.636548
6.631848
6.624212
6.614733
6.560535
6.555799
6.545432
6.520753
6.514560
6.274280
6.265785
6.257795
6.251618
6.244454
6.221522
6.205818
6.195295
6.190800
6.178990
6.161499
6.141731
6.040196
6.037943
6.017699
6.013436
5.998470
5.989015
5.965685
5.950871
5.945148
5.939762
5.933853
5.933003
5.928784
5.850439
5.834015
5.823864
5.807003
5.411610
5.406187
5.404064
5.343591
5.343369
5.336550
5.311239
5.307946
5.306666
5.304430
5.302260
5.297148
5.294291
5.281985
5.234903
5.227617
5.227027
5.220803
5.219271
5.199856
5.183645
5.180829
5.142540
5.133238
5.122375
5.120596
5.113919
5.105187
5.102579
5.056469
4.736354
4.729857
4.712422
4.496719
4.465531
4.463692
4.461634
4.458378
4.456272
4.447894
4.445785
4.443907
4.407414
4.405191
4.404441
4.403935
4.400227
4.399251
4.352992
4.335426
4.333026
4.331193
4.327794
4.327072
4.317933
4.316040
4.311871
4.308528
4.251637
4.248869
4.246056
4.239378
4.238152
4.235554
4.234894
4.228783
4.223503
4.179971
4.178573
4.176070
4.174832
4.174153
4.136713
4.129056
4.117418
4.117152
4.114765
4.112552
4.110624
4.105112
4.091863
4.087520
4.085512
4.085216
4.082341
4.081433
4.079683
4.078952
4.075824
4.072775
4.071636
4.035820
4.031031
