2.804813
2.802948
2.798608
2.794602
2.753872
2.752397
2.748282
2.718641
2.716605
2.699072
2.695057
2.667231
2.666021
2.630293
2.628619
2.597038
2.594261
2.593661
2.566037
2.563522
2.562996
2.562521
2.560274
2.531488
2.530441
2.528948
2.527979
2.525673
2.491949
2.491090
2.489765
2.488987
2.487523
2.458640
2.457096
2.456061
2.455281
2.454721
2.452437
2.422768
2.421704
2.420997
2.420844
2.420323
2.419755
2.419048
2.417477
2.415196
2.414971
2.414301
2.413524
2.411090
2.409425
2.408487
2.408321
2.407816
2.404619
2.404016
2.402822
2.401408
2.401292
2.400263
2.399676
2.398544
2.398398
2.395428
2.360129
2.359692
2.359186
2.357967
2.357354
2.356426
2.356380
2.355429
2.354881
2.352980
2.351185
2.351022
2.349835
2.349446
2.348122
2.346060
2.344888
2.343704
2.343529
2.343351
2.342757
2.342249
2.341495
2.340178
2.339512
2.338875
2.338274
2.336954
2.336372
2.334955
2.307789
2.307468
2.307129
2.306966
2.306877
2.306422
2.306333
2.305436
2.304431
2.303584
2.303547
2.302852
2.301811
2.301193
2.301096
2.300261
2.299745
2.299047
2.268337
2.266757
2.266204
2.265562
2.265452
2.264036
2.263931
2.247828
2.246307
2.245922
2.245783
2.245684
2.245627
2.244044
2.243494
2.242761
2.242625
2.242508
2.215228
2.214446
2.193095
2.192133
2.192050
2.179079
2.177867
2.175880
2.174468
2.173117
2.172322
2.170815
2.170261
2.170171
2.169893
2.169499
2.169364
2.169264
2.169134
2.168617
2.168587
2.167846
2.167804
2.167625
2.167107
2.151915
2.134859
2.134455
2.107348
2.106997
2.105784
2.105694
2.081150
2.081111
2.080507
2.080078
2.080047
2.079570
2.052207
2.051541
2.051119
2.050747
2.050590
2.050512
2.050487
2.049989
2.049281
2.049140
2.049035
2.048943
2.048897
2.047642
2.047134
2.046772
2.046077
2.045566
2.045450
2.044299
2.043857
2.043173
2.043051
2.010758
2.009907
2.009781
2.009277
2.009112
1.995883
1.995132
1.994369
1.980628
1.980599
1.979692
1.978015
1.977376
1.976925
1.976235
1.975803
1.975577
1.975508
