8.165208
8.151062
8.146084
8.140522
8.133340
8.123059
8.059492
7.765815
7.690582
7.606480
7.525932
7.519863
7.189657
7.181216
7.174908
7.155903
7.151518
7.097257
7.090035
7.084575
7.038804
7.030562
6.982000
6.980215
6.903229
6.871994
6.864870
6.853485
6.847413
6.841657
6.773060
6.770633
6.716980
6.714398
6.711653
6.663171
6.655182
6.646699
6.638000
6.571334
6.553327
6.524800
6.520729
6.516511
6.513184
6.429356
6.422939
6.364199
6.300088
6.288430
6.280622
6.276290
6.275272
6.271917
6.269060
6.257021
6.250885
6.187941
6.179520
6.165309
6.158838
6.156509
6.150937
6.148735
6.140243
6.138709
6.136916
6.122333
6.121429
6.072236
6.045845
6.043724
6.036523
5.714924
5.706914
5.706031
5.703664
5.697557
5.680635
5.664388
5.613274
5.600660
5.590892
5.589134
5.560028
5.555543
5.552364
5.545623
5.536926
5.536002
5.534062
5.533060
5.526844
5.524601
5.240492
5.218049
5.216345
5.203224
5.201400
5.163095
5.161569
5.158335
5.153241
5.152072
5.150080
5.149351
5.148821
5.141697
5.128987
5.128683
5.128186
5.127488
5.126289
5.121174
5.120157
5.089483
5.035357
5.031432
5.027774
5.022117
5.014573
4.978716
4.963940
4.958855
4.942007
4.932826
4.655001
4.654068
4.652121
4.642334
4.636591
4.634034
4.631413
4.585832
4.584686
4.579824
4.325803
4.314216
4.313861
4.309194
4.301904
4.301586
4.260812
4.260037
4.259368
4.259254
4.248145
