9.382381
9.368641
9.362336
9.355432
9.346374
9.332519
9.254051
8.850694
8.745338
8.612428
8.499566
8.491999
8.060371
8.050560
8.042661
8.022372
8.017119
7.955645
7.947083
7.940474
7.884430
7.873543
7.815384
7.813255
7.697477
7.659434
7.650823
7.636701
7.629325
7.622119
7.539822
7.536916
7.473387
7.470143
7.466730
7.411353
7.401926
7.391749
7.381612
7.285259
7.263300
7.233815
7.228802
7.224039
7.219846
7.090039
7.082423
7.009921
6.923431
6.909391
6.900498
6.895186
6.894045
6.889949
6.886448
6.871776
6.864553
6.793139
6.786220
6.769088
6.760938
6.757995
6.755557
6.752833
6.742864
6.741025
6.738851
6.721098
6.719998
6.661543
6.627889
6.625317
6.616378
6.251108
6.241742
6.240723
6.237864
6.230542
6.210153
6.190522
6.136050
6.120932
6.109017
6.106909
6.072817
6.067196
6.063404
6.059265
6.048825
6.047714
6.045271
6.044119
6.037149
6.034477
5.696532
5.671131
5.669076
5.653368
5.651171
5.608830
5.607037
5.603008
5.596936
5.595521
5.593166
5.592299
5.591698
5.583329
5.567729
5.567379
5.566776
5.565913
5.564502
5.558589
5.557322
5.522294
5.455801
5.451425
5.446905
5.440541
5.431820
5.391407
5.373918
5.368134
5.347529
5.336678
5.025658
5.024556
5.022183
5.010507
5.003961
5.000768
4.997547
4.944815
4.943293
4.937928
4.667860
4.654192
4.653749
4.648564
4.640286
4.639904
4.592170
4.591289
4.590427
4.590286
4.577697
