2.855495
2.853534
2.848954
2.844483
2.800794
2.799247
2.794695
2.764616
2.762470
2.744697
2.740567
2.711562
2.710309
2.673350
2.671584
2.638393
2.635740
2.635122
2.607056
2.604356
2.603820
2.603331
2.600929
2.571731
2.570647
2.569090
2.568085
2.565991
2.530908
2.530024
2.528649
2.527844
2.526309
2.496860
2.495247
2.494172
2.493372
2.492799
2.490352
2.460217
2.459111
2.458389
2.458230
2.457693
2.457111
2.456389
2.454751
2.452316
2.452078
2.451393
2.450583
2.447997
2.446271
2.445305
2.445131
2.444611
2.441132
2.440512
2.439281
2.437799
2.437678
2.436616
2.436020
2.434849
2.434697
2.431469
2.395282
2.394839
2.394319
2.393059
2.392425
2.391470
2.391423
2.390443
2.389886
2.387868
2.385983
2.385813
2.384580
2.384183
2.382815
2.380624
2.379415
2.378174
2.377991
2.377805
2.377194
2.376677
2.375907
2.374527
2.373845
2.373197
2.372581
2.371217
2.370618
2.369144
2.341601
2.341276
2.340932
2.340764
2.340672
2.340207
2.340114
2.339192
2.338153
2.337283
2.337245
2.336520
2.335442
2.334814
2.334714
2.333856
2.333327
2.332614
2.300776
2.299141
2.298575
2.297908
2.297794
2.296319
2.296210
2.279874
2.278285
2.277893
2.277750
2.277647
2.277587
2.275936
2.275379
2.274631
2.274490
2.274370
2.246685
2.245882
2.224135
2.223141
2.223054
2.209705
2.208459
2.206343
2.204886
2.203493
2.202678
2.201127
2.200563
2.200470
2.200182
2.199780
2.199639
2.199535
2.199399
2.198870
2.198839
2.198083
2.198040
2.197853
2.197325
2.181878
2.164043
2.163631
2.135802
2.135447
2.134187
2.134097
2.109282
2.109242
2.108628
2.108189
2.108157
2.107670
2.079403
2.078710
2.078279
2.077900
2.077738
2.077658
2.077632
2.077122
2.076395
2.076248
2.076139
2.076044
2.075996
2.074703
2.074186
2.073817
2.073112
2.072588
2.072467
2.071276
2.070823
2.070121
2.069994
2.037205
2.036338
2.036208
2.035697
2.035525
2.022181
2.021414
2.020638
2.006469
2.006439
2.005504
2.003741
2.003089
2.002633
2.001924
2.001484
2.001252
2.001180
