14.238619
14.167140
14.139666
14.030269
13.936515
13.707571
13.679086
13.641850
13.577704
13.515665
13.487453
13.432832
13.379648
13.315749
13.229487
13.198807
13.175958
13.071205
13.010516
12.892489
12.847724
12.825329
12.791391
12.773788
12.706495
12.669725
12.624865
12.588289
12.561130
12.479801
12.464268
12.455154
12.385061
12.331064
12.292632
12.248965
12.231461
12.187370
12.101305
12.059593
12.017782
11.998107
11.951908
11.911425
11.844625
11.792587
11.736529
11.423393
11.371990
11.302414
11.173824
11.159599
11.138694
11.098027
11.070898
11.014820
10.954153
10.930391
10.857552
10.824791
10.801650
10.772389
10.752785
10.704936
10.673467
10.621495
10.596450
10.581443
10.567105
10.531467
10.487262
10.474071
10.436291
10.380861
10.318764
10.298020
10.142980
10.004988
9.687053
9.629716
9.590900
9.577161
9.553752
9.518227
9.504112
9.464233
9.427058
9.396589
9.364015
9.324647
9.304378
9.253478
9.212540
9.184476
9.178603
9.164017
9.151014
9.128152
9.102644
8.983080
8.923634
8.903683
8.874119
8.861338
8.792402
8.766643
8.739810
8.718267
8.690648
8.671255
8.662975
8.635460
8.624751
8.616798
8.612173
8.606352
8.567218
8.550437
8.542856
8.526913
8.318887
8.286659
8.268899
8.262851
8.232455
8.220340
8.191439
7.895506
7.849793
7.841646
7.818252
7.809601
7.786943
7.769541
7.761401
7.746464
7.729617
7.719665
7.688637
7.422692
7.411191
7.403889
7.396212
7.197339
7.191039
7.180134
7.169262
7.163649
7.104810
7.094639
7.086668
7.041953
7.008998
6.991670
6.939286
6.932746
6.872219
6.849009
6.830176
6.812400
6.800851
6.763379
6.751364
6.737755
6.712675
6.697832
6.680184
6.640418
6.638496
6.619289
6.592502
6.584497
6.564344
6.547130
6.542409
6.536018
6.531899
6.335548
