18.709908
18.642969
18.616345
18.579481
18.552699
18.508083
18.460990
18.448813
18.407507
18.370852
18.333812
18.286062
18.221758
18.196598
18.161484
18.109101
18.095537
18.075546
18.031840
17.998162
17.951790
17.876071
17.848225
17.821722
17.761878
17.736884
17.730668
17.716664
17.674346
17.614554
17.589248
17.569056
17.563146
17.501281
17.403411
17.357598
16.947402
16.870624
16.831389
16.791882
16.741213
16.671379
16.654485
16.626521
16.532398
16.521660
16.495212
16.453213
16.445557
16.435946
16.415430
16.039800
16.023477
15.945312
15.904510
15.844502
15.832625
15.761266
15.716650
15.694817
15.677850
15.649095
15.632515
15.614707
15.577301
15.552772
15.541040
15.504331
15.448158
15.434699
15.403739
15.380198
15.359053
15.325729
15.309338
15.303688
15.271538
15.259473
15.225084
15.203443
15.191484
15.173824
15.165243
15.155575
15.142530
15.124917
15.089044
15.074431
15.021366
15.011568
14.986691
14.947698
14.919225
14.899449
14.859921
14.814536
14.803543
14.793478
14.781534
14.716335
14.702523
14.683112
14.651900
14.631660
14.627058
14.611080
14.597989
14.581766
14.563436
14.539260
14.516013
14.489293
14.460873
14.425217
14.412848
14.360659
14.319960
14.303445
14.266687
14.254499
14.237707
14.213379
14.206372
14.154920
14.143468
14.111994
14.098844
14.093260
14.081334
14.059111
14.052705
14.004127
13.970450
13.954437
13.938067
13.929499
13.922728
13.895035
13.875558
13.859848
13.853102
13.845413
13.787638
13.782599
13.737457
13.570212
13.553951
13.536822
13.475979
13.467401
13.448491
13.387504
13.380265
13.355346
13.352180
13.333109
13.307796
13.286407
13.269763
13.255585
13.238133
13.225279
13.205674
13.197128
13.166797
13.153083
13.078420
13.066970
13.033185
13.025707
13.014750
12.999760
12.991006
12.977080
12.970186
12.958294
12.946462
12.937546
12.910152
12.874337
12.859998
12.821661
12.796986
12.786561
12.782253
12.772153
12.757576
12.741598
12.733520
12.726935
12.695246
12.672489
12.658096
12.638031
12.615288
12.586518
12.577160
12.561353
12.549440
12.535358
12.482293
12.451835
12.440466
12.425498
12.408745
12.398702
12.359948
12.329363
12.299433
12.292857
12.253687
12.244932
12.238410
12.232646
12.224526
11.962327
11.940519
11.930666
11.921325
11.909999
11.900898
11.887498
11.861113
11.853889
11.842485
11.792208
11.775482
11.754934
11.746148
11.556849
11.493503
11.479497
11.462974
11.446298
11.430465
11.419978
11.412658
11.403247
11.398335
11.385400
11.377070
11.368249
11.344937
11.337554
11.326613
11.316560
11.304262
11.296019
11.289808
11.269927
11.261986
11.251423
11.232739
11.216678
11.205074
11.186998
11.181531
11.149160
11.130857
11.119623
11.082850
11.075318
11.049201
11.044058
11.033003
11.022542
10.968879
10.961027
10.949038
10.929889
10.889664
10.883894
10.880191
10.862180
10.826488
10.819595
10.813253
10.802688
10.789410
10.771821
10.762314
10.377319
10.350325
10.335487
10.329692
10.324195
10.310725
10.305630
10.294004
10.271320
10.242831
10.233601
10.222716
10.216614
10.198551
10.193412
10.183502
10.180555
10.153519
10.149500
10.104422
10.099607
10.083719
10.079034
10.067823
10.054087
10.019046
10.013056
10.009766
9.996577
9.993096
9.975810
9.965210
9.958720
9.949374
9.940395
9.937440
9.932220
9.919769
9.908190
9.894983
9.889104
9.882699
9.846472
9.841817
9.835122
9.826612
9.822527
9.794427
9.791417
9.785960
9.782273
9.776787
9.746616
9.738120
9.735411
9.719003
9.716138
9.713149
9.704895
9.693576
9.692204
9.683787
9.665758
9.660757
9.492215
9.482095
9.471757
9.467314
9.465198
9.442750
9.440394
9.431394
9.427703
9.418408
9.415403
9.411818
9.407999
9.366994
9.357851
9.322114
9.312423
9.305493
9.301809
9.297979
9.293498
9.282781
9.248373
9.219281
9.212128
9.204338
9.195683
9.181498
9.176454
9.166980
9.163405
9.157626
9.153963
9.141177
9.119294
9.112149
9.106133
9.102278
9.094474
9.087889
9.070057
9.063736
9.021824
9.017880
9.012431
8.982280
8.966367
8.951995
8.941039
8.826730
8.823434
8.811373
8.806977
8.805001
8.794847
8.792136
8.773515
8.771914
8.760396
8.749973
8.747271
8.744141
8.741647
8.737702
8.735237
8.725886
8.719192
8.716050
8.710620
8.680918
8.669437
8.666717
8.662327
8.657938
8.655711
8.650696
8.648079
8.641969
8.638760
8.602539
8.590053
8.564182
8.558099
8.555114
8.550752
8.546690
8.521943
8.504181
8.501186
8.491774
8.466123
8.453653
8.451609
8.449664
8.439459
8.435362
8.429500
8.407400
8.404530
8.399170
8.396535
8.392623
8.386918
8.380613
8.374933
8.357528
8.352299
8.348353
8.345532
8.335421
8.327908
8.301513
8.296697
8.289576
8.255625
8.240004
8.215329
8.212937
8.210405
8.199485
8.197359
8.195647
8.189843
8.185661
8.174379
8.164445
8.162908
8.158564
8.147548
8.141269
8.139950
8.022302
8.020704
8.018696
8.014565
8.005508
8.001569
7.998800
7.997357
7.989937
7.983397
7.980028
7.977501
7.974123
7.968620
7.966468
7.964765
7.961522
7.952073
7.936191
7.925415
7.924064
7.922136
7.920178
7.916303
7.904466
7.899963
7.897347
7.892878
7.889999
7.887234
7.883333
7.872741
7.678349
7.666446
7.663002
7.650683
7.649416
7.626488
7.624836
7.621213
7.612863
7.594059
7.592272
