23.332716
23.099150
23.057109
22.935462
22.661405
22.568553
22.440524
22.324203
22.102725
22.004264
21.917967
21.626460
21.543263
21.482089
21.400275
21.301809
21.116517
20.974256
20.922410
20.821640
20.705233
20.574945
20.228833
20.207281
20.069479
19.849558
19.821805
19.774627
19.695909
19.618463
19.491784
19.430365
19.349360
19.283846
19.129492
19.009454
18.935442
18.693875
18.424331
18.339596
18.213431
18.168140
18.096967
18.067181
18.019029
17.975588
17.932189
17.712786
17.563997
17.188570
16.910471
16.658528
16.527686
16.412432
16.367343
16.019979
15.773511
15.744371
15.655444
15.597307
15.535366
15.459935
15.345588
15.302079
15.273943
15.077131
14.956645
14.899350
14.849216
14.787932
14.731536
14.700094
14.675566
14.656852
14.635658
14.580614
14.562686
14.479205
14.449290
14.357533
14.284994
14.256165
14.153827
14.104284
14.047333
13.988498
13.938089
13.897885
13.865523
13.842314
13.789561
13.777734
13.726246
13.676365
13.657231
13.643605
13.627711
13.504518
13.471276
13.445849
13.408571
13.344473
13.275370
13.255077
13.165787
13.146076
12.728777
12.699173
12.640280
12.609717
12.582634
12.540863
12.502014
12.479818
12.435830
12.406428
12.380111
12.363088
12.311077
12.256074
12.221012
12.187911
12.156937
12.138418
12.127182
11.829081
11.808906
11.786416
11.751994
11.715429
11.627544
11.504578
11.445450
11.432657
11.372286
11.346118
11.289556
11.270859
11.232222
11.194751
11.182064
11.125775
11.072177
11.047509
11.025506
10.992579
10.937249
10.893518
10.873229
10.864010
10.849798
10.831062
10.810258
10.744827
10.731669
10.679911
10.639955
10.622784
10.611148
10.595764
10.552521
10.524939
10.511249
10.466544
10.446429
10.430889
10.392026
10.330183
10.172743
10.156440
10.115834
10.110689
10.094953
10.089914
10.050220
10.022741
10.000951
