15.938716
15.894430
15.875803
15.846917
15.827785
15.798580
15.768835
15.760639
15.733960
15.710033
15.683749
15.650320
15.610390
15.586768
15.563982
15.531410
15.522246
15.503617
15.472705
15.450835
15.420918
15.369171
15.350670
15.333424
15.292861
15.274747
15.270446
15.260858
15.232869
15.189088
15.172471
15.158894
15.154793
15.110234
15.045716
15.016018
14.697580
14.643305
14.617224
14.591081
14.554804
14.506515
14.494924
14.475815
14.409910
14.402319
14.383828
14.351543
14.346002
14.338991
14.324031
14.039784
14.028285
13.967008
13.939148
13.898936
13.890640
13.838534
13.808131
13.792896
13.781268
13.761412
13.749518
13.737058
13.711067
13.693759
13.679723
13.652315
13.614553
13.604942
13.583477
13.561420
13.546445
13.523504
13.511765
13.507589
13.485329
13.476619
13.452980
13.437658
13.429002
13.415460
13.409074
13.401851
13.392234
13.379616
13.352464
13.336033
13.297609
13.290472
13.272650
13.245805
13.225964
13.211779
13.184136
13.146485
13.138556
13.131238
13.122660
13.075421
13.065450
13.051599
13.029331
13.014960
13.011510
12.999951
12.990206
12.972568
12.959298
12.940518
12.923774
12.904521
12.883079
12.857640
12.848440
12.810014
12.779062
12.767078
12.735205
12.726235
12.713733
12.695953
12.690589
12.652406
12.644029
12.621300
12.611529
12.607257
12.598372
12.581147
12.576289
12.533980
12.508485
12.496474
12.484270
12.477827
12.472688
12.451898
12.437444
12.425411
12.420230
12.414457
12.371494
12.367722
12.333226
12.193782
12.181581
12.168680
12.117248
12.110794
12.096698
12.050635
12.045202
12.026695
12.024265
12.010084
11.991493
11.975776
11.963405
11.952905
11.939925
11.930159
11.914288
11.902278
11.879928
11.869390
11.813401
11.804209
11.778362
11.772639
11.764200
11.752965
11.746288
11.735791
11.730528
11.721348
11.712345
11.705385
11.684195
11.652593
11.641502
11.607594
11.589182
11.581219
11.577863
11.570203
11.559112
11.546774
11.540551
11.535458
11.512212
11.495081
11.484120
11.468976
11.450121
11.428670
11.421383
11.409364
11.394458
11.382998
11.341351
11.318646
11.309841
11.298414
11.285731
11.277874
11.247384
11.222653
11.198629
11.193480
11.162601
11.155674
11.150489
11.145867
11.134013
10.909984
10.892608
10.884831
10.877542
10.868756
10.861458
10.851095
10.829671
10.824023
10.815225
10.775754
10.762772
10.746376
10.739381
10.563493
10.514633
10.503715
10.490966
10.477117
10.463969
10.455765
10.449977
10.442572
10.438713
10.428577
10.421874
10.414765
10.395476
10.389585
10.381012
10.373070
10.363297
10.356712
10.351321
10.330380
10.324033
10.315641
10.301139
10.288646
10.279377
10.264185
10.259809
10.233959
10.218584
10.209859
10.180060
10.174099
10.152712
10.143090
10.134322
10.125940
10.083756
10.077468
10.068057
10.053254
10.022631
10.018031
10.015050
10.000129
9.970719
9.964793
9.959617
9.951135
9.935128
9.921209
9.913616
9.586242
9.564963
9.553201
9.548605
9.544169
9.533417
9.529309
9.519988
9.501039
9.477935
9.465150
9.456382
9.451380
9.435975
9.431753
9.423210
9.420802
9.398108
9.394843
9.357534
9.353555
9.339829
9.336016
9.327024
9.316119
9.287538
9.282672
9.279919
9.269269
9.266400
9.252588
9.243439
9.232867
9.225367
9.217953
9.215479
9.211176
9.201156
9.191902
9.181238
9.176434
9.171215
9.141695
9.137787
9.132260
9.125319
9.121946
9.098066
9.095535
9.090978
9.087882
9.083434
9.057453
9.050408
9.042892
9.029764
9.027416
9.024917
9.018233
9.009045
9.007925
9.000981
8.985504
8.981267
8.826922
8.818635
8.810243
8.806632
8.804809
8.786256
8.784350
8.776892
8.773913
8.766265
8.763776
8.760767
8.757595
8.717887
8.709875
8.680864
8.672905
8.666743
8.663627
8.660507
8.656687
8.647977
8.618826
8.594036
8.588045
8.581049
8.573982
8.561887
8.557664
8.544649
8.541689
8.536905
8.533888
8.523461
8.504994
8.498924
8.493971
8.490796
8.484391
8.478910
8.463736
8.458458
8.423166
8.419842
8.415344
8.384570
8.371648
8.359931
8.350954
8.245549
8.242873
8.233077
8.229447
8.227779
8.219228
8.216999
8.201121
8.199744
8.190246
8.181826
8.179500
8.176808
8.174744
8.171482
8.169415
8.161810
8.156285
8.153622
8.143875
8.118340
8.108912
8.106661
8.102908
8.099226
8.097329
8.093084
8.090948
8.085815
8.083094
8.052456
8.041521
8.019156
8.013948
8.011444
8.007755
8.004364
7.983431
7.967774
7.965227
7.957365
7.935390
7.919174
7.917475
7.915823
7.907310
7.903879
7.898957
7.879345
7.876881
7.872428
7.870162
7.866787
7.862020
7.856457
7.851691
7.836585
7.832229
7.828842
7.826422
7.817955
7.811574
7.789304
7.785326
7.779260
7.750484
7.737404
7.716343
7.714283
7.712130
7.702914
7.701079
7.699587
7.694608
7.686033
7.676804
7.668525
7.667183
7.663439
7.654254
7.648980
7.647871
7.541646
7.540245
7.538530
7.534949
7.527339
7.523981
7.521590
7.520382
7.514092
7.508589
7.505776
7.503621
7.500726
7.496080
7.494272
7.492807
7.490020
7.481537
7.467205
7.458177
7.457016
7.455369
7.453719
7.450481
7.440535
7.436661
7.434414
7.430561
7.428074
7.425739
7.417471
7.408318
7.228759
7.218866
7.215947
7.204885
7.203788
7.184384
7.182996
7.179918
7.172724
7.156190
7.154618
