15.938716
15.897231
15.847575
15.829983
15.806573
15.800600
15.775269
15.756646
15.746357
15.742060
15.738208
15.722415
15.708771
15.695355
15.677569
15.655871
15.629326
15.613152
15.595854
15.584550
15.549943
15.527747
15.512115
15.489436
15.486655
15.479696
15.455067
15.421659
15.410815
15.400829
15.382541
15.064966
15.051107
15.037391
14.999993
14.984969
14.974947
14.968920
14.949473
14.934481
14.920147
14.912255
14.853189
14.653959
14.639442
14.633869
14.622573
14.530888
14.520028
14.513800
14.493375
14.485103
14.467707
14.455793
14.444152
14.429237
14.416175
14.414322
14.409104
14.395991
14.379949
14.347384
14.331132
14.318676
14.309076
14.301892
14.292395
14.286283
14.282559
14.268009
14.263419
14.237599
14.228032
14.183909
14.175719
14.156920
14.145205
14.110963
14.078981
14.049451
14.044470
14.000365
13.997206
13.986762
13.979474
13.964990
13.950796
13.924501
13.772006
13.760504
13.749331
13.717591
13.708353
13.694734
13.676893
13.661031
13.336733
13.314821
13.306765
13.298561
13.285642
13.252010
13.247594
13.236457
13.227676
13.210083
13.201937
13.186339
13.180759
13.168814
13.145903
13.130855
13.113706
13.103097
13.071260
13.066589
13.049602
13.037302
13.032860
13.028412
13.022248
12.801047
12.792937
12.748212
12.744859
12.742551
12.736844
12.713874
12.665187
12.658744
12.656488
12.654746
12.642386
12.624529
12.618230
12.603776
12.581156
12.564799
12.528456
12.525667
12.514486
12.506408
12.485743
12.480050
12.467879
12.430846
12.421779
12.393108
12.386653
12.384152
12.328266
12.316251
12.296483
12.282021
12.272875
12.245354
12.232682
12.218762
12.212449
12.189918
12.162630
12.154834
12.145463
12.119419
12.097644
12.091763
12.068837
12.062979
12.056395
12.046075
12.041211
12.030880
12.021986
11.996010
11.971433
11.958116
11.932828
11.920120
11.908702
11.871071
11.841660
11.834255
11.825415
11.819205
11.814805
11.780886
11.775520
11.758258
11.753650
11.726799
11.716385
11.703857
11.696884
11.695101
11.676327
11.662311
11.646499
11.638270
11.634291
11.628765
11.614054
11.597120
11.595080
11.592094
11.587878
11.538275
11.531504
11.516544
11.509499
11.501063
11.493771
11.485130
11.473633
11.464998
11.432555
11.423575
11.422087
11.415295
11.377997
11.374599
11.370888
11.368180
11.336169
11.333598
11.301607
11.293545
11.273439
11.266586
11.254525
11.252207
11.244296
11.205216
11.200516
11.196755
11.177509
11.162962
11.160574
11.153979
11.151587
11.146824
11.121083
11.113591
11.067795
11.057612
11.046383
11.039184
10.992876
10.988025
10.983730
10.960670
10.957530
10.670653
10.659677
10.654909
10.642224
10.588596
10.584839
10.570913
10.564246
10.550405
10.541299
10.362083
10.359069
10.345861
10.342624
10.338039
10.327808
10.305150
10.293344
10.286500
10.281238
10.277140
10.274684
10.258613
10.246856
10.236645
10.229222
10.222718
10.216172
10.207724
10.200565
10.194919
10.179138
10.174189
10.168690
10.157365
10.153244
10.150898
10.139025
10.117247
10.114088
10.104732
10.090491
10.081382
10.077231
9.885702
9.884184
9.881461
9.877938
9.870082
9.850569
9.840761
9.837140
9.829657
9.816839
9.812742
9.810192
9.802824
9.794114
9.789012
9.784965
9.782156
9.750910
9.735512
9.732435
9.726485
9.714766
9.694821
9.692194
9.687817
9.666842
9.656554
9.642784
9.634540
9.632319
9.626323
9.622361
9.617421
9.611595
9.607837
9.604993
9.587961
9.578240
9.567570
9.559963
9.550871
9.539818
9.534502
9.530009
9.523633
9.242209
9.217877
9.193455
9.188917
9.181811
9.171759
9.167413
9.164221
9.161727
9.158145
9.154957
9.141913
9.138045
9.129315
9.121174
9.110004
9.098995
8.956631
8.949308
8.946247
8.941811
8.927136
8.920109
8.912440
8.904960
8.896576
8.853325
8.847432
8.834365
8.831525
8.625665
8.612350
8.610610
8.601824
8.599645
8.595001
8.592788
8.589447
8.582541
8.577407
8.572698
8.563524
8.554711
8.549300
8.544515
8.532306
8.526016
8.516133
8.512323
8.504137
8.498530
8.493516
8.490102
8.481221
8.470436
8.466672
8.464836
8.461349
8.458679
8.456315
8.453992
8.441387
8.434827
8.432701
8.428834
8.420717
8.416463
8.381277
8.379075
8.335860
8.332373
8.329580
8.326703
8.322328
8.312738
8.307125
8.296917
8.286132
8.283898
8.282592
8.280527
8.279031
8.266870
8.262854
8.261437
8.255418
8.246618
8.241210
8.236485
8.225284
8.222872
8.218979
8.217344
8.211320
8.206867
8.197240
8.193251
8.189255
8.180296
8.174559
8.160245
8.152476
8.149756
8.139927
8.130810
8.125780
8.122269
8.120594
8.116198
8.112233
8.109124
8.080905
8.078797
8.076981
8.071957
8.063900
8.050445
8.048017
8.045417
8.032848
8.019415
8.005694
7.993265
7.991583
7.989798
7.984793
7.980343
7.969232
7.966856
7.938559
7.932151
7.929632
7.927417
7.756182
7.752565
7.744228
7.742551
7.740691
7.725037
7.722362
7.720748
7.715712
7.711139
7.689999
7.686366
7.681358
7.679312
7.671521
7.669547
7.664757
7.652955
7.648536
7.640937
7.634459
7.629132
7.624896
7.621645
7.611388
7.607768
7.592222
7.589268
7.584159
7.582026
7.575291
7.574409
7.572716
7.569046
7.560683
7.553089
7.546735
7.541910
7.537469
7.533368
7.528411
7.524747
7.522394
7.519872
7.501766
7.496609
