2.804813
2.803418
2.803263
2.802690
2.802592
2.800732
2.783197
2.782544
2.781827
2.781824
2.781618
2.745541
2.745099
2.735843
2.711291
2.711257
2.711257
2.708314
2.707727
2.706630
2.706211
2.706198
2.705264
2.704115
2.704010
2.703971
2.701874
2.701402
2.701341
2.701294
2.701262
2.701083
2.700978
2.700179
2.683557
2.683473
2.683214
2.683191
2.678584
2.678581
2.654994
2.654567
2.654382
2.653882
2.653845
2.653642
2.653500
2.653341
2.653219
2.644668
2.644622
2.644559
2.644374
2.643621
2.642899
2.642843
2.642699
2.642664
2.642637
2.642049
2.640479
2.640434
2.640415
2.640321
2.604270
2.601993
2.572482
2.571844
2.571753
2.571481
2.569317
2.566120
2.565869
2.565001
2.564882
2.539136
2.538803
2.538799
2.538707
2.537204
2.536685
2.536644
2.535945
2.535667
2.535160
2.507767
2.507688
2.507596
2.506947
2.505927
2.505761
2.503412
2.503301
2.480317
2.459248
2.457761
2.441298
2.439898
2.421136
2.420857
2.417989
2.416389
2.416335
2.415532
2.415435
2.400181
2.400115
2.396752
2.396671
2.395980
2.395860
2.395462
2.386137
2.386114
2.386085
2.368210
2.368187
2.367659
2.367533
2.367054
2.367050
2.365707
2.365614
2.331433
2.331392
2.331373
2.330947
2.330536
2.330533
2.330501
2.330472
2.328797
2.327145
2.326824
2.312310
2.312235
2.311333
2.310678
2.309509
2.309181
2.309178
2.309090
2.308988
2.307822
2.307047
2.306708
2.291135
2.290725
2.290084
2.290041
2.289998
2.289957
2.289854
2.289604
2.289462
2.289388
2.289295
2.289294
2.287212
2.287180
2.285944
2.285937
2.285868
2.282078
2.281998
2.281386
2.280655
2.280619
2.279926
2.279894
2.279768
2.279648
2.279587
2.279576
2.278998
2.278963
2.278847
2.278817
2.278066
2.276897
2.276829
2.276815
2.276129
2.276066
2.275673
2.275623
2.274026
2.274025
2.273533
2.242730
2.242081
2.241706
2.224221
2.224177
2.224003
2.223983
2.221328
2.220073
2.193152
2.190696
2.173657
2.172499
2.171129
2.170784
2.170741
2.170352
2.170133
2.169886
2.169797
2.146598
2.146508
