8.990952
8.978785
8.966771
8.964435
8.948852
8.947571
8.947010
8.946482
8.945584
8.928336
8.906496
8.889416
8.871956
8.867015
8.844331
8.843764
8.843529
8.834291
8.812497
8.807681
8.798430
8.796477
8.779517
8.776481
8.775935
8.752553
8.750919
8.746887
8.746130
8.745391
8.738845
8.717545
8.714694
8.713098
8.707079
8.687614
8.685610
8.666105
8.663448
8.660005
8.658994
8.657824
8.640740
8.640711
8.621681
8.602867
8.601184
8.592883
8.580619
8.558053
8.540440
8.535858
8.535155
8.509531
8.508857
8.507184
8.501029
8.479975
8.455971
8.454667
8.437392
8.431630
8.429641
8.424081
8.408942
8.406798
8.385168
8.364350
8.359968
8.359393
8.358587
8.329331
8.303970
8.298448
8.295834
8.288872
8.268975
8.247258
8.245179
8.245081
8.242686
8.237156
8.234226
8.233804
8.232383
8.231327
8.231001
8.205303
8.201044
8.181666
8.176750
8.174521
8.173195
8.162225
8.160960
8.158381
8.157427
8.142708
8.135120
8.132997
8.127010
8.101195
8.079492
8.069304
8.068449
8.066810
8.066195
8.042914
8.025697
7.998142
7.995920
7.993989
7.990917
7.989192
7.988647
7.988354
7.977900
7.976279
7.975027
7.957666
7.934209
7.916799
7.888758
7.866177
7.862932
7.857568
7.829919
7.812378
7.812161
7.789882
7.783562
7.782072
7.781760
7.767714
7.754212
7.754082
7.752817
7.752487
7.747057
7.735434
7.735005
7.734062
7.720931
7.701909
7.685323
7.665482
7.661054
7.645937
7.644959
7.644273
7.640239
7.614302
7.614138
7.613362
7.612245
7.580400
7.563230
7.561997
7.561343
7.545611
7.535527
7.530692
7.530276
7.529630
7.528854
7.520932
7.517972
7.492910
7.481506
7.480398
7.480129
7.477860
7.476866
7.475106
7.452935
7.450452
7.448395
7.445977
7.444690
7.432773
7.425643
7.423469
7.414858
7.401924
7.383123
7.380652
7.353941
7.339913
7.328461
7.328376
7.327908
7.327748
7.326082
7.325708
7.325190
7.306336
7.305059
7.282466
7.266887
7.254968
7.252535
7.237788
7.235708
7.234886
7.230220
7.220228
7.217852
7.214208
7.213416
7.197887
7.183908
