64.639367
64.594821
64.572377
64.471010
64.346239
64.232442
64.130169
64.085631
63.961149
63.851274
63.767903
63.711860
63.639177
63.571848
63.386623
63.337141
63.293077
63.224951
63.179405
63.076111
63.046242
62.931822
62.850981
62.802769
62.740377
62.659241
62.551470
62.426003
62.331470
62.274285
62.147315
62.065048
61.943570
61.825816
61.681423
61.533731
61.465021
61.429254
61.337065
61.206842
61.152983
61.012999
60.848212
60.741511
60.655867
60.494776
60.442699
60.389327
60.308450
60.205959
60.118509
59.976434
59.925063
59.885322
59.778890
59.703644
59.674781
59.563317
59.535336
59.411074
59.258886
59.161517
59.108499
59.086912
58.985003
58.936442
58.778934
58.699533
58.687815
58.577092
58.500245
58.409883
58.365615
58.267916
58.237616
58.146326
58.091857
58.009805
57.928503
57.837915
57.692445
57.623742
57.538120
57.409881
57.361329
57.222747
57.148660
57.028032
57.013675
57.004335
56.940812
56.935593
56.930592
56.830374
56.766196
56.742650
56.642309
56.572001
56.507965
56.369138
56.285599
56.191862
56.098623
55.991970
55.977743
55.938237
55.855024
55.795894
55.732118
55.545241
55.528084
55.452263
55.373445
55.363942
55.292849
55.237360
55.186696
55.127043
55.063389
55.012015
54.925604
54.842540
54.779715
54.751719
54.708908
54.610768
54.512359
54.458250
54.416268
54.366687
54.279519
54.214535
54.135980
54.060723
53.956031
53.815737
53.661559
53.650393
53.609107
53.503353
53.393942
53.335660
53.297159
53.181813
53.092452
53.046370
52.994470
52.882502
52.801212
52.739399
52.616531
52.414258
52.369795
52.358240
52.220153
52.120696
52.059354
51.996123
51.941071
51.872080
51.710837
51.587598
51.555629
51.457528
51.372399
51.268595
51.153612
51.095272
51.056544
50.884938
50.818434
50.782646
50.687651
50.602507
50.521714
50.382256
50.194896
50.160744
50.084640
50.026033
49.962813
49.941058
49.916646
49.891508
49.780586
49.740742
49.626790
49.556528
49.430931
49.372621
49.309909
49.301014
49.237283
49.178532
49.142490
48.982539
48.852811
48.819163
48.758057
48.679218
48.554189
48.461936
48.364144
48.200596
48.118253
48.014236
47.997622
47.867666
47.730878
47.693272
47.599682
