8.165208
8.106718
8.084062
8.081511
8.062375
7.734904
7.720949
7.701677
7.321211
7.313566
7.312191
7.290220
7.271434
7.264273
7.263167
7.262474
7.242785
7.242537
7.240804
7.231163
7.229719
7.228451
7.222204
7.216056
7.142017
7.137127
7.097080
7.091989
7.091800
7.055303
7.051390
7.048628
7.041734
7.039994
7.035136
7.017700
7.015513
6.991618
6.978285
6.976772
6.967007
6.964242
6.715258
6.714520
6.713017
6.707049
6.660302
6.657422
6.644268
6.641444
6.621131
6.615952
6.582261
6.582060
6.575461
6.574268
6.565990
6.564108
6.561397
6.560635
6.554998
6.553760
6.552544
6.552539
6.551832
6.545420
6.519698
6.514484
6.513997
6.506988
6.505189
6.487538
6.471022
6.469245
6.463830
6.456317
6.428789
6.425399
6.423038
6.422903
6.383606
6.368051
6.276483
6.269995
6.264972
6.262130
6.258654
6.249168
6.226844
6.180528
6.180416
6.180274
6.177843
6.177093
6.173391
6.159449
6.082021
6.081175
6.016790
6.016395
6.015770
6.013941
6.010639
6.008059
6.007607
6.000413
5.998235
5.925029
5.882296
5.877141
5.867897
5.814600
5.812997
5.810882
5.804631
5.804500
5.800385
5.798072
5.794620
5.542082
5.540842
5.534694
5.533036
5.528903
5.521935
5.519828
5.512306
5.506086
5.502764
5.445198
5.418295
5.418056
5.361687
5.358445
5.358445
5.357625
5.352829
5.301313
5.300891
5.297931
5.296751
5.232565
5.229204
5.226859
5.212704
5.212703
5.177273
