7.424254
7.421690
7.398446
7.395788
7.393279
7.380219
7.374954
7.371288
7.275777
7.261004
7.247721
7.240374
7.226722
7.223206
7.218045
7.216857
7.213758
7.211956
7.200276
7.198924
7.189795
7.184089
7.173289
7.163216
7.162742
7.160351
7.143291
7.138344
7.076307
7.073224
7.073194
7.071115
7.067583
7.058057
7.046507
7.044184
7.035458
6.858065
6.856241
6.848148
6.843360
6.838874
6.837503
6.802633
6.802332
6.771309
6.767264
6.722325
6.714892
6.711334
6.707740
6.703972
6.703778
6.675681
6.666905
6.658893
6.657635
6.651180
6.645250
6.631311
6.628726
6.623349
6.588427
6.580701
6.554677
6.516546
6.445517
6.440225
6.435814
6.433340
6.429825
6.324436
6.322985
6.316750
6.307946
6.305123
6.304814
6.304308
6.304276
6.281818
6.258044
6.257362
6.249238
6.244889
6.235189
6.233205
6.227886
5.865314
5.862693
5.508082
5.441338
5.432350
5.378621
5.375613
5.372956
5.371816
5.363471
5.362277
5.361719
5.349172
5.316044
5.311885
5.311350
5.306515
5.305913
5.305438
5.302459
5.296179
5.288861
5.287778
5.282378
5.282103
5.281551
5.266180
5.265616
5.265311
5.264377
5.258377
5.245230
5.237162
5.236782
5.231338
5.227809
5.207990
5.207228
5.201451
5.198827
5.195339
5.190273
5.189430
5.187069
5.184048
5.183313
5.180124
5.160943
5.160827
5.104386
5.104362
5.103715
5.102974
5.100752
5.100514
5.100080
5.055229
5.052399
5.050147
5.032898
