18.709908
18.649018
18.573018
18.548731
18.520907
18.511903
18.472196
18.444175
18.429047
18.422684
18.417112
18.395029
18.374082
18.353945
18.326333
18.292346
18.254665
18.229156
18.203144
18.186277
18.140346
18.106688
18.084808
18.050188
18.046225
18.036156
18.003271
17.954546
17.938673
17.924380
17.896735
17.491626
17.471276
17.450940
17.401571
17.379122
17.364245
17.355659
17.326448
17.303976
17.282549
17.271004
17.178266
16.937017
16.916000
16.908099
16.892138
16.756446
16.740399
16.731398
16.700302
16.688506
16.665208
16.647541
16.630624
16.608091
16.589301
16.586847
16.579630
16.560627
16.537096
16.496614
16.474907
16.456792
16.443079
16.432889
16.419538
16.410972
16.405780
16.384576
16.378104
16.340256
16.326711
16.263068
16.251143
16.223423
16.207936
16.160182
16.115652
16.079178
16.071973
16.010178
16.005872
15.991293
15.980997
15.959951
15.939620
15.899373
15.707806
15.691465
15.675603
15.635596
15.622694
15.603361
15.577588
15.555013
15.156283
15.124604
15.113229
15.101711
15.083953
15.037884
15.031846
15.016172
15.003942
14.979265
14.968312
14.946295
14.938749
14.922201
14.892291
14.871298
14.855041
14.840093
14.796420
14.790036
14.767586
14.750702
14.744647
14.738547
14.729853
14.463951
14.452789
14.390732
14.386275
14.383249
14.375462
14.345672
14.277769
14.268956
14.265952
14.263646
14.253881
14.230614
14.221977
14.202149
14.170138
14.147419
14.093923
14.090365
14.075139
14.063907
14.042388
14.034637
14.017956
13.968422
13.956337
13.918909
13.910290
13.907033
13.829219
13.812864
13.786244
13.766559
13.754172
13.722957
13.707482
13.688705
13.680229
13.649111
13.613967
13.603435
13.591060
13.557284
13.527416
13.519727
13.490576
13.482714
13.473909
13.460164
13.453901
13.440060
13.429471
13.400509
13.366180
13.348337
13.313118
13.296099
13.280849
13.232570
13.191682
13.181927
13.170317
13.162303
13.156564
13.116135
13.109119
13.085597
13.080178
13.044937
13.031013
13.014177
13.005179
13.002867
12.977709
12.958906
12.938187
12.927488
12.922282
12.915222
12.895398
12.879362
12.876726
12.872873
12.867379
12.804673
12.795671
12.775910
12.766601
12.755407
12.745885
12.735528
12.721735
12.710141
12.664645
12.652873
12.650956
12.642049
12.600842
12.596579
12.591864
12.588367
12.547163
12.543943
12.502796
12.492386
12.467803
12.458970
12.443343
12.440430
12.430843
12.379076
12.373028
12.368328
12.342534
12.323310
12.320262
12.311789
12.308733
12.302678
12.274170
12.271202
12.211268
12.198191
12.183475
12.174063
12.114659
12.108425
12.102909
12.073683
12.069694
11.732438
11.719381
11.713273
11.696890
11.632820
11.628126
11.609907
11.601534
11.583468
11.572097
11.371104
11.367319
11.350113
11.346006
11.340163
11.327233
11.298454
11.283052
11.274287
11.267618
11.262440
11.259332
11.240297
11.231668
11.218782
11.209220
11.201003
11.192706
11.181938
11.173516
11.166592
11.145845
11.139634
11.132516
11.118751
11.113571
11.110694
11.095413
11.069308
11.065374
11.053605
11.042111
11.030597
11.025356
10.807370
10.805515
10.802142
10.797788
10.788132
10.763918
10.751789
10.747212
10.737848
10.721395
10.716377
10.713182
10.704691
10.693667
10.687151
10.682091
10.678580
10.638972
10.619259
10.615414
10.607860
10.599260
10.574850
10.571638
10.566279
10.540920
10.527781
10.509890
10.500415
10.497659
10.490080
10.485200
10.479121
10.471643
10.467024
10.463509
10.443619
10.431472
10.418943
10.409464
10.398170
10.384398
10.377765
10.372221
10.364272
10.045239
10.015834
9.986112
9.980604
9.971573
9.958963
9.953570
9.949654
9.946606
9.942268
9.938339
9.923007
9.918201
9.907150
9.897824
9.883684
9.870634
9.712338
9.703110
9.699310
9.693825
9.675437
9.666707
9.657334
9.648081
9.638859
9.586072
9.578845
9.563536
9.559990
9.315452
9.298960
9.296825
9.286124
9.283564
9.277988
9.275343
9.271358
9.262814
9.256539
9.250863
9.240429
9.235466
9.228919
9.223118
9.207927
9.200180
9.188068
9.183333
9.173300
9.166432
9.160334
9.156166
9.145272
9.131869
9.127385
9.125155
9.120977
9.117757
9.114898
9.112076
9.096384
9.088323
9.085754
9.081064
9.071086
9.065932
9.023742
9.021075
8.974082
8.969798
8.966427
8.963012
8.957734
8.945929
8.939047
8.926406
8.913209
8.910538
8.908944
8.906491
8.904711
8.890452
8.885599
8.883961
8.876558
8.865865
8.859307
8.853581
8.840726
8.837914
8.833279
8.831386
8.824070
8.818749
8.812525
8.807667
8.802745
8.791697
8.784718
8.767118
8.757644
8.754399
8.742543
8.731260
8.725206
8.721035
8.719079
8.713845
8.709103
8.705306
8.671814
8.669395
8.667274
8.661172
8.651468
8.635697
8.632789
8.629747
8.615572
8.600111
8.584696
8.574830
8.572856
8.570763
8.564816
8.559622
8.546060
8.543237
8.509067
8.501430
8.498387
8.495776
8.307095
8.302805
8.293447
8.291432
8.289215
8.269936
8.266813
8.264914
8.258747
8.253356
8.228836
8.224939
8.219445
8.217042
8.207809
8.205495
8.199748
8.186364
8.181077
8.177064
8.169372
8.162952
8.157906
8.154090
8.142466
8.138327
8.119749
8.116212
8.110091
8.107555
8.099414
8.098361
8.096391
8.092050
8.081927
8.072809
8.065816
8.059948
8.054687
8.049718
8.043777
8.039462
8.036684
8.033715
8.013274
8.007162
