17.184287
17.164224
17.153353
17.042745
17.038096
17.006798
16.990053
16.979492
16.969505
16.938510
16.923085
16.904885
16.897201
16.889093
16.864513
16.857525
16.836086
16.817955
16.804855
16.774493
16.764920
16.729730
16.715043
16.701529
16.686408
16.676434
16.652716
16.623773
16.609151
16.580759
16.535295
16.521794
16.507247
16.301480
16.288429
16.279569
16.271746
16.269213
16.254261
16.218997
16.203237
16.189466
16.184788
16.159584
16.128991
16.121155
16.107187
16.091266
16.061640
16.028674
15.956769
15.932240
15.914587
15.895204
15.875268
15.839160
15.831990
15.823693
15.807444
15.767796
15.759031
15.736081
15.714028
15.687377
15.680409
15.672551
15.667903
15.662716
15.649913
15.633060
15.629539
15.593039
15.527382
15.516731
15.504257
15.362121
15.272070
15.261460
15.257067
15.248186
15.227877
15.222156
15.206075
15.194143
15.189631
15.027655
15.018232
15.009110
15.000519
14.975786
14.967854
14.961504
14.951392
14.914083
14.898490
14.890863
14.875096
14.850831
14.843443
14.835097
14.822780
14.807333
14.803657
14.789135
14.776338
14.768766
14.763842
14.756460
14.721805
14.665189
14.657772
14.641512
14.629816
14.625317
14.615200
14.609072
14.356342
14.349204
14.327213
14.300614
14.297109
14.282866
14.273998
14.259983
14.255932
14.189005
14.183510
14.175185
14.087044
14.062113
14.043777
14.028646
14.011435
13.996469
13.987330
13.979995
13.973230
13.968663
13.961714
13.954667
13.928985
13.904275
13.889364
13.873556
13.861239
13.852617
13.839921
13.830182
13.822919
13.794522
13.763152
13.754990
13.749896
13.729005
13.715296
13.709064
13.700758
13.636787
13.629509
13.594739
13.587021
13.549318
13.509962
13.501472
13.459972
13.435877
13.388260
13.383777
13.379494
13.352543
13.341357
13.328364
13.311176
13.282969
13.265224
13.259833
13.246898
13.243366
13.211155
13.204056
13.199610
13.184992
13.171651
13.146683
13.115529
13.110740
13.100635
13.096213
13.092830
13.084594
13.073962
13.069143
13.064947
13.035105
12.994451
12.966799
12.951348
12.938229
12.933303
12.921085
12.890209
12.730083
12.685114
12.681522
12.664609
12.651218
12.640810
12.633840
12.623565
12.611193
12.592574
12.582279
12.579508
12.574543
12.539202
12.522874
12.507119
12.482302
12.467961
12.461290
12.441289
12.437317
12.432665
12.405652
12.403617
12.400250
12.392998
12.389238
12.378994
12.359780
12.352394
12.334699
12.328887
12.307188
12.294126
12.288056
12.265869
12.259748
12.240774
12.236739
12.232256
12.228504
12.192644
12.187194
12.183702
12.170808
12.151193
12.118496
12.111287
12.105169
12.090674
12.083220
12.080934
12.071242
12.065001
12.059148
12.051030
12.046658
12.029435
12.023961
12.017608
12.013816
12.008911
11.998474
11.989039
11.984642
11.977094
11.969069
11.952508
11.946913
11.940016
11.909240
11.901549
11.897685
11.894601
11.893198
11.879935
11.871460
11.848335
11.832852
11.828817
11.826398
11.822154
11.815287
11.804735
11.783196
11.777620
11.771819
11.754996
11.730664
11.723875
11.717491
11.687264
11.675129
11.667870
11.665933
11.659668
11.638723
11.635899
11.634705
11.625440
11.606738
11.567194
11.560366
11.557428
11.540324
11.537946
11.528807
11.525505
11.517668
11.506429
11.485430
11.482773
11.468125
11.429114
11.424705
11.415220
11.413237
11.410035
11.408362
11.399497
11.394006
11.382934
11.373216
11.368298
11.343582
11.315842
11.307142
11.300552
11.294433
11.284175
11.266830
11.257940
11.251814
11.246480
11.219037
11.216097
11.202867
10.988810
10.986140
10.877346
10.848560
10.829636
10.826933
10.824565
10.797751
10.789719
10.785895
10.781419
10.777781
10.769790
10.752391
10.738220
10.732700
10.717161
10.674833
10.667564
10.620376
10.617669
10.615969
10.612361
10.606994
10.591971
10.578322
10.563065
10.418484
10.409471
10.403797
10.392520
10.388318
10.386489
10.379737
10.368018
10.353628
10.350421
10.339649
10.336727
10.329938
10.323290
10.310886
10.307615
10.280381
10.276028
10.273906
10.267133
10.260402
10.255877
10.208167
10.200545
10.195340
10.176219
10.168063
10.164001
9.923381
9.919180
9.914356
9.912303
9.906725
9.905374
9.882220
9.876731
9.873726
9.869290
9.861323
9.858571
9.852691
9.837383
9.818001
9.801561
9.788844
9.782254
9.775732
9.769549
9.763971
9.761545
9.758560
9.754653
9.752192
9.748368
9.744091
9.737557
9.725618
9.720958
9.719532
9.710647
9.700869
9.697578
9.688405
9.685504
9.682416
9.675662
9.640784
9.634749
9.630014
9.625753
9.617632
9.596817
9.594192
9.584724
9.552109
9.481946
9.474019
9.465101
9.459967
9.454670
9.448929
9.440527
9.436815
9.435588
9.432818
9.428838
9.423103
9.400974
9.396635
9.394567
9.390509
9.379904
9.375719
9.356969
9.349082
9.339155
9.337669
9.336862
9.332118
9.327069
9.313030
9.309644
9.302305
9.300561
9.297666
9.290033
9.270941
9.266989
9.265364
9.258398
9.236647
9.232833
9.226960
9.220946
9.217106
9.211833
9.206867
9.195045
9.194246
9.192680
9.189824
9.177149
9.174331
9.168759
9.158979
9.151291
9.148259
9.144756
9.137229
9.132951
9.123291
9.118176
9.105443
9.103307
9.101178
9.093556
9.088423
9.079255
9.078635
9.076003
9.070773
9.068416
9.027794
9.025328
9.021036
9.018071
9.013578
9.008403
8.999378
8.996610
8.995082
8.992585
8.991558
8.987831
8.946460
8.941592
8.920118
8.912780
8.909354
