2.660437
2.659981
2.659953
2.652417
2.651829
2.651292
2.651068
2.643128
2.633511
2.632750
2.622610
2.622506
2.622408
2.621166
2.620911
2.620349
2.619430
2.618830
2.601199
2.600790
2.600562
2.599890
2.581114
2.580708
2.561447
2.549634
2.537806
2.537237
2.537022
2.519860
2.519572
2.519013
2.518688
2.518148
2.518054
2.502159
2.501974
2.501739
2.483521
2.483041
2.481984
2.481506
2.471185
2.470866
2.469779
2.469549
2.450350
2.450130
2.449909
2.449883
2.449732
2.449306
2.448742
2.448700
2.448450
2.448431
2.447790
2.435416
2.435280
2.435054
2.434743
2.434032
2.433716
2.433593
2.433110
2.433066
2.432632
2.432323
2.417879
2.417367
2.417042
2.416805
2.416574
2.403810
2.403606
2.403419
2.403147
2.402409
2.402381
2.401998
2.383306
2.373645
2.373490
2.373270
2.372755
2.357201
2.357068
2.356574
2.356391
2.356011
2.355493
2.354499
2.354147
2.353941
2.353586
2.353379
2.335378
2.335125
2.335017
2.333601
2.322399
2.305841
2.292740
2.292300
2.292021
2.291259
2.291051
2.276285
2.275609
2.275126
2.255301
2.254980
2.254560
2.254088
2.253491
2.243658
2.243160
2.231377
2.231213
2.210087
2.209731
2.209218
2.208428
2.207812
2.207617
2.207523
2.189636
2.188934
2.187810
2.186989
2.186669
2.186640
2.186466
2.185947
2.185911
2.176289
2.176002
2.175798
2.175773
2.175319
2.174623
2.174324
2.173828
2.173791
2.158773
2.149129
2.128716
2.127853
2.127781
2.124905
2.124871
2.124559
2.106070
2.106060
2.096453
2.096375
2.096016
2.088606
2.072977
2.072143
2.070852
2.070407
2.069942
2.069679
2.069457
2.069233
2.068207
2.049753
2.049460
