9.382381
9.297224
9.266939
9.263739
9.237916
8.823657
8.805924
8.780656
8.353371
8.343857
8.342162
8.313573
8.293781
8.284924
8.283573
8.282749
8.256104
8.255805
8.253740
8.241093
8.239263
8.237724
8.229688
8.221978
8.120765
8.114483
8.064407
8.057960
8.057727
8.009145
8.004430
8.001078
7.992554
7.990430
7.984235
7.961900
7.959290
7.926916
7.909843
7.908078
7.895609
7.892176
7.618701
7.617797
7.615983
7.608328
7.548229
7.544426
7.527806
7.524348
7.501378
7.495097
7.456436
7.456189
7.447709
7.446241
7.436477
7.434133
7.431126
7.430219
7.423208
7.421722
7.420224
7.420218
7.419332
7.411881
7.377414
7.370759
7.370147
7.361098
7.358930
7.340464
7.319567
7.317477
7.310823
7.301995
7.270320
7.266151
7.263122
7.262962
7.216638
7.197128
7.044306
7.036211
7.030581
7.027022
7.022774
7.011079
6.984710
6.927150
6.927018
6.926846
6.923734
6.922871
6.918667
6.900459
6.779703
6.778647
6.688198
6.687711
6.686963
6.684724
6.681080
6.677943
6.677389
6.668998
6.666365
6.556175
6.507096
6.501137
6.493039
6.422209
6.420248
6.417689
6.414181
6.414026
6.409341
6.406593
6.402384
6.098806
6.097246
6.090105
6.088107
6.083173
6.075194
6.072564
6.063838
6.056276
6.052274
5.985528
5.951247
5.950964
5.872692
5.868721
5.868721
5.867786
5.862439
5.800820
5.800293
5.796649
5.795278
5.704454
5.700761
5.697918
5.680863
5.680861
5.637233
