2.623094
2.622647
2.622621
2.615166
2.614595
2.614076
2.613855
2.605967
2.596395
2.595662
2.585672
2.585570
2.585472
2.584306
2.584054
2.583511
2.582612
2.582027
2.565142
2.564744
2.564518
2.563869
2.545912
2.545515
2.526991
2.515493
2.503837
2.503283
2.503071
2.486499
2.486215
2.485663
2.485344
2.484818
2.484726
2.469354
2.469171
2.468940
2.451162
2.450690
2.449659
2.449189
2.438937
2.438624
2.437567
2.437340
2.418744
2.418527
2.418309
2.418283
2.418133
2.417714
2.417166
2.417124
2.416879
2.416860
2.416245
2.403945
2.403810
2.403587
2.403281
2.402587
2.402277
2.402156
2.401684
2.401641
2.401215
2.400909
2.386721
2.386224
2.385907
2.385676
2.385448
2.372888
2.372687
2.372502
2.372234
2.371515
2.371487
2.371113
2.352643
2.343119
2.342966
2.342748
2.342244
2.326993
2.326862
2.326376
2.326196
2.325826
2.325323
2.324355
2.324007
2.323803
2.323456
2.323253
2.305687
2.305437
2.305330
2.304013
2.293005
2.276979
2.264125
2.263692
2.263418
2.262676
2.262471
2.247817
2.247153
2.246683
2.227426
2.227110
2.226699
2.226238
2.225659
2.215886
2.215403
2.203840
2.203678
2.184106
2.183754
2.183253
2.182488
2.181884
2.181691
2.181599
2.164102
2.163416
2.162338
2.161534
2.161218
2.161190
2.161018
2.160511
2.160476
2.150978
2.150695
2.150495
2.150470
2.150026
2.149340
2.149046
2.148561
2.148525
2.133652
2.124206
2.103995
2.103170
2.103099
2.100293
2.100259
2.099953
2.082236
2.082227
2.072838
2.072760
2.072409
2.065025
2.049741
2.048933
2.047693
2.047252
2.046803
2.046545
2.046325
2.046103
2.045124
2.026827
2.026536
