20.370995
20.339478
20.322683
20.149952
20.142829
20.097621
20.070792
20.054792
20.039402
19.990031
19.966746
19.938173
19.926432
19.914218
19.879654
19.869470
19.842545
19.817320
19.797352
19.749484
19.734771
19.677505
19.655239
19.634541
19.611509
19.596278
19.558230
19.523832
19.503961
19.458391
19.390914
19.371368
19.351286
19.091449
19.073815
19.060607
19.049310
19.045662
19.023317
18.973714
18.949731
18.928579
18.921766
18.882722
18.833544
18.821790
18.801437
18.777422
18.736672
18.694719
18.583481
18.546238
18.520515
18.491920
18.461224
18.412908
18.402453
18.390476
18.368668
18.312662
18.300162
18.264985
18.232728
18.191913
18.182286
18.170624
18.163871
18.156616
18.138065
18.112836
18.107709
18.058653
17.959891
17.944346
17.927988
17.750613
17.617192
17.601461
17.595217
17.582733
17.552803
17.544830
17.520690
17.503014
17.496817
17.304879
17.291668
17.278900
17.266878
17.231680
17.220397
17.211659
17.196935
17.145266
17.123043
17.112287
17.090419
17.057230
17.046760
17.034635
17.017201
16.995125
16.990040
16.975715
16.957391
16.946921
16.940013
16.929964
16.880148
16.798932
16.788565
16.765017
16.748551
16.742435
16.727635
16.719079
16.377763
16.367990
16.336711
16.305780
16.301031
16.280710
16.268508
16.248981
16.243642
16.151527
16.143996
16.132484
16.001512
15.965065
15.938938
15.920282
15.896439
15.881879
15.869245
15.859250
15.850086
15.843821
15.834435
15.824927
15.791072
15.755706
15.734821
15.714178
15.697583
15.685805
15.668410
15.655002
15.644987
15.607699
15.565876
15.554952
15.548092
15.522116
15.509435
15.501259
15.489844
15.401972
15.391990
15.346488
15.335793
15.284829
15.233085
15.221570
15.168505
15.136450
15.065693
15.059968
15.054436
15.016753
15.001476
14.983436
14.962285
14.926261
14.908135
14.900900
14.883027
14.878262
14.832324
14.822798
14.816790
14.797294
14.778964
14.744104
14.706391
14.700031
14.686483
14.680684
14.676210
14.666237
14.651901
14.645571
14.640051
14.604744
14.551533
14.515986
14.494974
14.477543
14.471231
14.456080
14.419837
14.210173
14.153191
14.148471
14.125933
14.107676
14.093710
14.084783
14.071352
14.055164
14.030540
14.016872
14.013302
14.006893
13.964552
13.944115
13.922352
13.891404
13.872246
13.863748
13.836880
13.831830
13.825688
13.791224
13.788648
13.784359
13.775172
13.770484
13.758252
13.732546
13.722982
13.699537
13.692096
13.664603
13.653702
13.645995
13.616361
13.608484
13.582632
13.577445
13.571581
13.566717
13.521505
13.514403
13.510019
13.493294
13.467017
13.424279
13.415010
13.407181
13.388192
13.378790
13.375864
13.369406
13.361501
13.354130
13.343562
13.338064
13.315101
13.308153
13.300013
13.295159
13.288911
13.275514
13.263212
13.257544
13.247569
13.237546
13.215842
13.208502
13.199637
13.160930
13.151140
13.146272
13.142418
13.140722
13.123747
13.112827
13.085005
13.070571
13.065496
13.062446
13.057054
13.048409
13.034777
13.008313
13.001222
12.993853
12.973814
12.941067
12.932424
12.924191
12.887454
12.871950
12.863032
12.860590
12.852637
12.825054
12.821530
12.820050
12.809385
12.784462
12.737174
12.728625
12.724982
12.702541
12.699693
12.687973
12.683828
12.673848
12.659429
12.634010
12.630665
12.611386
12.562131
12.556462
12.544551
12.542083
12.538132
12.536023
12.524782
12.517868
12.509322
12.497065
12.490870
12.460322
12.425443
12.414578
12.406522
12.398920
12.385731
12.364551
12.353361
12.345742
12.339121
12.304903
12.301292
12.284155
12.042518
12.039206
11.921554
11.886416
11.867740
11.864306
11.861345
11.828801
11.818904
11.814230
11.808620
11.804064
11.793910
11.771202
11.752811
11.745793
11.726215
11.673246
11.664173
11.602717
11.599494
11.597456
11.593033
11.586354
11.572654
11.555068
11.535600
11.365539
11.355276
11.348356
11.334342
11.329226
11.327070
11.318441
11.303603
11.285453
11.281559
11.267949
11.264315
11.255875
11.247677
11.232157
11.228227
11.200408
11.195056
11.192444
11.183852
11.175693
11.170326
11.110002
11.100464
11.094140
11.070014
11.059919
11.055001
10.782943
10.777851
10.771952
10.769476
10.762606
10.760952
10.733680
10.726905
10.723261
10.717990
10.708003
10.704595
10.697401
10.684052
10.661502
10.640581
10.624673
10.616590
10.608673
10.600896
10.594079
10.591186
10.587557
10.582775
10.579767
10.575131
10.569882
10.561609
10.546443
10.540843
10.539159
10.528107
10.516656
10.512736
10.506350
10.502794
10.499134
10.491095
10.447526
10.440142
10.434434
10.429300
10.419202
10.395027
10.391922
10.380428
10.341325
10.244911
10.235380
10.225362
10.219187
10.212825
10.205757
10.195641
10.191241
10.189773
10.186359
10.181801
10.175001
10.153229
10.147961
10.145481
10.140538
10.128154
10.123106
10.100281
10.090685
10.078519
10.076776
10.075824
10.070130
10.064207
10.048493
10.044443
10.035366
10.033312
10.029915
10.020649
9.997914
9.993277
9.991323
9.983147
9.958465
9.954033
9.947149
9.939824
9.935265
9.928953
9.922977
9.908218
9.907280
9.905426
9.902038
9.890971
9.887633
9.880818
9.868900
9.859645
9.856025
9.851859
9.843213
9.838170
9.826791
9.820729
9.806362
9.803848
9.801327
9.792152
9.786002
9.774697
9.773979
9.770907
9.764585
9.761818
9.713134
9.710214
9.704990
9.701515
9.696550
9.690311
9.679345
9.676165
9.674378
9.671424
9.670269
9.665793
9.621466
9.615708
9.590533
9.581645
9.577558
