30.957451
29.266560
26.678196
23.244386
22.516002
21.065738
20.382878
20.096727
19.628480
18.809049
17.866052
17.566894
17.092144
16.207678
15.687403
15.570342
15.960547
14.601331
14.276160
14.880978
14.737903
14.282663
14.373711
13.625817
13.885954
13.879450
13.255121
13.229108
12.916943
12.975474
12.409676
12.487717
12.481213
12.409676
11.564230
12.292614
11.577237
11.115494
11.518706
11.557727
10.887874
11.304093
10.842350
10.126973
10.965915
10.042428
10.179000
10.835846
10.335082
9.704250
9.788794
10.126973
9.970890
10.003408
9.307541
9.157962
8.540136
9.366072
9.170969
9.216493
9.138452
8.631184
8.481605
8.403564
8.052379
8.143427
8.162938
8.071890
8.084896
8.702722
8.208462
7.701194
7.974338
7.883290
7.115886
7.226444
7.655670
7.525602
7.597139
7.304485
7.057355
6.985817
7.772732
6.862252
7.180920
7.206934
7.180920
7.454064
7.376023
7.005327
6.569598
6.647639
7.707698
6.615122
6.966307
6.836238
6.472046
7.076865
6.367992
6.407012
6.654142
6.446033
6.751694
6.426522
5.990793
6.094848
6.914279
6.328971
6.400509
6.159882
6.016806
5.633104
6.322468
6.094848
5.971282
6.062330
6.133868
5.860724
5.737159
5.808697
5.366464
5.652614
5.581077
5.841214
5.535553
5.568070
5.977786
5.464015
5.795690
5.223388
5.678628
5.828207
5.444505
5.685132
5.216885
5.613594
5.529049
5.568070
4.969755
5.548560
5.177864
5.639608
5.294926
4.937237
5.372967
5.216885
5.028285
5.164857
5.028285
5.307933
5.119333
4.898217
5.346953
5.275416
5.320940
4.774652
4.989265
4.670597
5.379471
5.034789
5.353457
5.080313
5.021782
4.911224
4.924231
4.781155
5.112830
4.638080
4.000744
4.820176
4.950244
4.495004
4.820176
4.690107
4.761645
4.956748
4.917727
4.748638
4.859196
4.495004
4.429970
4.618569
4.956748
4.852693
4.351929
4.508011
4.377943
4.052771
4.839686
4.696611
4.215357
4.735631
4.397453
4.455984
4.625073
4.781155
4.839686
4.787659
4.605563
4.208854
4.560039
5.067306
4.807169
4.826679
4.605563
4.462487
3.974730
4.481997
4.351929
4.468991
4.859196
4.716121
4.338922
4.325915
4.644583
4.618569
4.410460
4.345426
4.696611
4.078785
