152.604065
152.623576
152.168336
148.610961
148.415858
147.141186
147.245241
145.281206
144.669884
143.570804
141.639286
141.001950
138.946867
136.982832
134.745653
134.563557
132.098758
129.360815
127.227691
124.788905
122.707808
119.033372
120.912862
120.912862
115.495507
109.083128
101.461110
102.644734
100.310004
100.674196
98.697154
96.564029
96.459974
95.985224
93.104206
93.097702
92.466870
91.419818
90.418290
90.756468
88.929005
88.844461
89.150122
87.153570
86.938956
87.075528
84.799329
85.911415
83.654725
83.602698
85.007438
81.482581
82.074393
82.230475
81.254961
82.328026
81.105382
78.276391
77.001719
77.827654
77.268360
75.649006
76.253825
75.408379
75.427890
75.070201
74.653982
74.640975
73.496372
72.950084
73.099662
71.616881
72.631416
72.514354
72.046107
70.719408
70.465774
71.083600
70.238154
69.009006
69.171592
68.592787
68.657821
68.872434
68.222092
67.799369
67.643287
66.550711
66.407635
65.627224
65.256529
64.807792
64.638703
64.755765
64.528145
64.105422
64.066401
62.941308
64.352552
62.908791
62.752709
61.608106
63.123404
62.024325
61.660133
62.798233
61.816215
60.931749
61.341465
59.013238
59.995256
59.858684
59.793650
60.892729
57.641015
58.863659
57.322347
56.808576
57.510946
57.029693
56.522425
55.943620
56.528929
55.748518
55.397332
55.813552
55.286774
55.813552
53.374766
53.511338
53.355256
52.327715
54.330770
54.194198
52.256177
53.498332
53.277215
51.826951
52.685403
51.657862
51.592827
51.241642
50.857940
49.856412
50.363679
48.380134
48.536216
47.203014
45.928342
46.630712
44.731711
