14.810063
14.409936
14.560927
13.715376
13.722925
13.768223
13.662529
13.307699
12.024273
11.865732
10.370918
10.204827
10.318071
10.370918
10.174629
10.363368
10.386017
9.819799
9.789601
9.321528
9.857547
9.291330
9.963241
9.359276
9.638610
8.498625
8.143796
8.853455
8.626968
8.664716
8.294787
8.506175
8.234390
8.007903
7.985255
7.879561
8.007903
7.622875
7.856912
7.056658
7.109505
6.747126
6.799973
7.162352
6.784874
7.079307
6.490440
6.988712
6.883018
6.633882
6.656531
6.867919
6.656531
6.656531
6.060115
6.603684
6.581035
6.769774
5.878926
5.607141
5.652439
6.301701
6.377197
6.226206
6.150710
5.795880
6.248854
5.697736
5.886475
5.818529
5.758132
5.841178
5.750583
5.508997
5.727934
5.501447
5.735484
5.040924
5.010725
5.018275
4.889932
5.841178
5.267411
5.622240
5.146618
4.754040
5.033374
5.592042
5.297609
5.033374
4.942779
4.701193
5.297609
4.905031
4.920131
4.278417
4.769139
5.199465
4.942779
