17.989617
16.786483
15.771948
15.141115
14.029029
14.172105
12.507227
11.973946
11.187031
10.419627
10.087952
9.561174
8.917335
9.281527
9.034397
8.273496
8.670205
7.876787
7.441057
7.740215
7.506091
6.979314
7.161410
6.439529
7.096375
6.478550
6.511067
6.433026
6.400509
6.920783
6.257433
5.951772
6.140372
5.945269
6.224916
5.951772
6.042820
5.938765
5.711145
5.451008
5.750166
5.346953
5.333947
5.236395
5.151851
5.145347
5.138844
5.438001
5.522546
5.067306
4.878707
4.872203
5.047796
5.223388
4.683604
4.735631
5.392477
5.047796
4.325915
5.008775
4.403956
4.865700
4.761645
4.742135
4.364936
4.618569
4.534025
4.638080
4.735631
4.605563
4.943741
4.176336
4.455984
4.534025
4.072282
4.345426
4.351929
4.195847
4.208854
4.000744
4.410460
4.072282
4.176336
3.851165
4.325915
4.475494
3.864172
4.000744
4.377943
4.495004
3.955220
4.286895
4.234867
3.890186
4.410460
3.981234
4.410460
4.468991
4.215357
4.319412
4.221860
4.364936
4.189343
3.356905
3.714593
4.085288
3.792634
3.825151
4.182840
3.838158
4.007247
4.195847
4.033261
3.896689
3.935710
3.773124
3.987737
4.488501
4.182840
3.903192
3.974730
3.545504
3.662566
3.883682
4.013751
4.169833
3.766620
3.974730
3.818648
3.643055
3.760117
3.818648
3.844662
3.883682
3.909696
3.903192
4.156826
4.091792
3.350401
3.597531
3.961723
3.831655
3.506483
3.883682
3.630048
3.714593
4.156826
4.020254
3.818648
3.896689
3.278863
3.766620
3.636552
3.669069
3.617042
3.460959
3.779627
3.981234
4.306405
3.441449
3.480470
3.688579
3.552007
3.408932
3.389422
3.734103
3.369911
3.740607
3.870675
3.877179
3.506483
3.825151
3.838158
4.007247
3.369911
3.799138
3.207326
3.350401
3.805641
3.480470
3.630048
3.480470
3.324387
3.376415
3.174809
3.708090
3.773124
3.447952
3.298374
3.636552
3.298374
3.382918
3.278863
3.155298
3.532497
3.298374
3.727600
3.480470
3.708090
3.493476
3.649559
3.493476
3.304877
3.428442
3.122781
3.552007
3.688579
3.818648
3.499980
3.584524
3.337394
3.773124
3.395925
3.402429
3.324387
3.766620
3.454456
3.669069
3.838158
3.369911
