17.436825
12.559255
19.062682
17.761997
14.835454
14.185112
17.436825
18.412339
18.087168
13.534769
14.835454
12.559255
17.111654
15.485797
11.258569
14.185112
11.908912
13.534769
15.160626
11.583740
15.160626
18.412339
8.332027
8.657198
13.859940
13.859940
13.859940
14.185112
9.957884
9.957884
7.681684
10.283055
10.608226
12.234083
11.908912
8.332027
7.681684
8.982369
12.559255
10.608226
7.681684
7.031341
8.982369
4.755141
7.031341
9.632712
7.031341
6.380998
6.055827
7.356513
5.730656
4.104799
3.779627
4.429970
8.006855
5.080313
9.307541
5.730656
5.730656
8.006855
3.454456
4.104799
4.755141
2.804113
3.779627
2.478942
10.283055
5.730656
7.681684
5.080313
6.706170
7.031341
3.779627
6.706170
2.478942
6.380998
5.405484
4.755141
6.706170
6.055827
6.055827
6.706170
4.755141
8.332027
5.080313
4.755141
5.080313
1.503428
4.104799
5.405484
3.779627
5.405484
7.681684
7.031341
0.527913
5.080313
3.129285
4.104799
2.804113
7.031341
5.405484
2.804113
2.478942
3.129285
4.104799
3.129285
4.429970
6.055827
6.380998
3.129285
8.006855
4.429970
3.454456
3.779627
7.681684
4.755141
6.380998
6.706170
2.804113
3.779627
3.779627
5.405484
4.755141
6.055827
4.104799
2.804113
8.006855
6.055827
5.730656
6.380998
4.104799
2.153770
6.055827
6.380998
5.080313
4.755141
2.804113
2.804113
2.804113
2.153770
5.080313
5.405484
1.828599
3.454456
3.454456
4.755141
4.104799
5.405484
5.080313
6.380998
4.429970
6.380998
5.405484
3.454456
2.153770
3.454456
4.104799
2.478942
3.779627
5.405484
2.153770
3.454456
5.405484
1.828599
2.478942
2.478942
3.779627
4.429970
6.380998
3.454456
6.055827
1.828599
3.779627
6.706170
4.104799
6.706170
3.129285
1.503428
3.454456
4.755141
4.429970
2.804113
2.478942
3.454456
3.454456
2.804113
1.828599
2.804113
7.031341
2.478942
2.804113
3.129285
4.429970
5.080313
5.080313
3.779627
3.454456
4.429970
0.527913
4.429970
4.429970
3.129285
1.828599
1.828599
1.828599
4.755141
0.527913
4.104799
3.454456
4.755141
4.755141
2.153770
7.681684
1.503428
0.853085
8.006855
3.779627
5.080313
3.779627
1.828599
