152.734134
151.088767
151.030236
150.997719
149.579971
148.519913
147.037131
145.287709
144.026044
142.471725
141.678307
142.022988
140.585731
140.780834
141.151529
140.819854
140.429649
137.685202
138.420090
136.078856
136.423537
135.233410
135.025300
132.970217
134.043283
132.462950
131.344360
127.422793
123.507730
122.044459
122.187534
123.566261
117.459542
117.348984
116.705145
117.960306
115.645086
113.590003
115.033764
114.357407
115.092295
112.692530
111.990160
112.607985
111.912119
111.684499
111.008142
109.434313
108.679915
107.847476
106.650846
106.338681
105.597290
106.410219
106.553294
106.007006
104.426673
103.782834
103.581228
103.353608
101.753765
101.246497
101.519641
100.804264
101.727751
100.466086
99.295469
97.897232
99.087359
97.858211
97.188358
96.902208
96.082776
95.855156
96.212844
94.495939
95.360895
94.482932
93.982169
94.632511
94.105734
91.933589
92.083168
91.666948
91.133667
89.436273
90.379270
89.624872
88.428241
88.363207
87.394196
87.725871
86.912943
86.548751
84.760308
85.020445
84.428633
83.856332
84.656253
84.135979
83.108438
81.027341
80.559094
79.752669
79.063306
79.336450
77.508986
77.892689
77.034236
77.593531
76.383893
75.857116
75.265304
74.517410
75.024677
73.802033
74.270279
73.834550
73.470358
72.813512
72.559878
71.031572
72.078624
70.673884
70.218644
70.400740
70.296685
70.394237
70.608850
68.560270
68.690339
68.664325
67.370143
68.202581
67.903424
68.787890
67.266088
68.436705
67.383150
66.446656
65.731279
65.588204
66.635255
64.313532
63.936333
65.503659
64.658213
64.313532
63.643679
63.929829
63.038860
63.103894
64.150946
62.460055
62.382014
61.458527
62.206421
61.263424
61.855236
60.652102
60.756157
59.728615
60.268400
61.647126
59.988752
60.209869
59.461975
58.317371
58.096255
57.719056
56.509419
57.693042
56.763052
57.751573
58.187303
56.938645
55.618449
55.943620
55.872083
55.468870
54.629928
55.592435
54.942092
54.441329
54.389301
53.921054
54.961603
53.296725
53.823503
51.579820
53.238194
51.768420
51.261152
50.571789
50.649830
49.394669
49.141035
49.134532
49.459703
48.250065
47.547695
47.742798
47.677764
46.695746
46.897353
46.403092
46.194982
45.830790
44.569125
45.427578
44.738215
44.991848
44.686187
44.991848
43.866755
43.892769
43.385502
43.541584
43.300957
43.860252
42.351457
