49.609282
48.991456
47.098959
45.525129
45.447088
44.926814
44.608146
42.988792
41.922230
39.489948
39.372887
37.786050
36.849557
36.270752
34.066090
33.877490
32.576805
30.469694
31.763876
30.606266
29.416139
28.121957
27.439097
26.847285
26.736727
25.488069
25.195414
24.538568
24.135356
23.933750
22.717609
23.829695
22.906208
22.847677
21.481957
22.145307
21.638040
21.013711
20.577981
21.267344
21.533985
21.000704
20.103231
19.674004
19.797570
19.433378
18.965131
18.796042
18.425346
18.269264
18.587932
18.691987
17.430322
17.046620
17.046620
16.500332
16.545856
16.740959
16.409284
16.162154
15.823975
15.479294
15.167129
16.012575
15.121605
14.750910
14.861468
14.438745
14.224132
14.607834
14.484269
13.931478
13.898961
14.744406
13.417707
14.094064
13.443721
13.950988
13.918471
13.456728
13.729872
13.313652
13.378686
13.378686
13.177080
12.910440
13.001488
12.416179
12.747854
12.572261
12.422683
12.396669
12.695827
11.915415
12.201566
12.097511
12.025974
11.947932
11.947932
12.422683
12.396669
11.928422
11.440665
11.590244
12.240587
11.349617
11.850381
11.798354
10.972418
11.167521
11.655278
10.601723
11.473182
11.330107
11.395141
10.998432
10.725288
10.666757
10.562702
10.432634
10.309069
10.562702
10.523682
10.354593
10.777315
10.302565
10.361096
10.510675
10.309069
9.996904
9.873339
10.218021
10.055435
9.684740
9.892849
9.749774
9.554671
9.353065
9.515650
9.327051
9.600195
9.756277
9.671733
9.340058
8.650695
9.118941
8.884818
8.689715
8.481605
8.488109
9.014887
8.683212
8.279999
8.819784
8.709225
8.306013
8.735239
8.657198
8.514123
8.214965
8.078393
7.850773
8.481605
8.052379
8.429578
8.156434
7.941821
7.889794
7.629656
7.967835
8.221468
8.123917
7.668677
7.122389
8.110910
7.824759
7.428050
7.499588
7.232947
7.584132
7.232947
6.907776
6.803721
7.239451
7.070362
6.992321
6.862252
6.289950
6.842742
7.310989
7.135396
6.959803
6.569598
6.959803
6.738687
6.758197
6.621625
6.810225
6.706170
6.198902
6.550087
6.816728
7.180920
6.654142
6.563094
6.816728
6.153378
6.706170
6.875259
6.569598
6.485053
6.784211
6.751694
6.563094
6.107854
6.042820
6.140372
6.250930
6.706170
5.997296
6.354985
