17.761997
16.805993
15.264681
14.867971
13.944485
12.942957
12.533241
12.299118
11.544720
11.323603
11.551223
10.998432
10.978922
10.926894
10.328579
10.419627
10.569206
9.899353
9.925366
9.066914
9.502644
9.450616
9.320548
9.086424
8.748246
8.345034
8.462095
8.026366
8.156434
7.967835
7.473574
7.824759
7.337002
7.187423
7.753222
7.323995
7.271968
7.232947
6.751694
7.330499
7.213437
6.933790
6.758197
6.725680
7.363016
7.128893
7.603643
6.719177
6.719177
6.816728
6.302957
6.972810
6.784211
6.367992
6.380998
6.172889
6.361488
6.263937
6.725680
6.459039
6.309461
5.464015
6.485053
6.595611
5.997296
6.465543
6.140372
6.185896
5.841214
6.016806
6.185896
6.055827
6.563094
5.925758
5.574573
5.607090
6.088344
6.257433
5.958276
5.496532
5.724152
5.763173
5.750166
5.815200
5.574573
6.218413
5.678628
5.977786
5.750166
5.366464
5.997296
5.815200
5.912752
6.146875
5.711145
5.691635
5.431498
5.971282
5.509539
5.600587
5.411988
5.522546
5.372967
5.483525
5.151851
5.301429
5.216885
5.769676
5.600587
6.094848
5.503036
5.522546
5.431498
5.600587
5.646111
5.216885
5.451008
5.255905
5.138844
5.548560
5.320940
5.522546
5.060803
5.262409
5.307933
5.229892
5.086816
5.366464
5.392477
5.171361
5.353457
4.950244
4.846189
5.041292
5.411988
5.086816
5.060803
4.956748
5.093320
4.904720
5.477022
5.548560
5.210381
4.898217
5.236395
4.937237
4.963251
4.995768
4.761645
5.190871
4.735631
5.112830
4.794162
4.969755
4.716121
4.917727
5.125837
5.203878
4.501508
4.560039
4.794162
5.047796
5.216885
4.820176
4.586052
5.034789
4.813672
5.015279
4.703114
5.002272
5.210381
4.943741
5.229892
5.119333
5.158354
4.423467
4.690107
5.288423
4.410460
4.683604
4.521018
5.483525
4.481997
4.644583
4.956748
5.034789
4.677100
4.442977
4.592556
5.028285
4.462487
4.859196
4.891713
4.956748
5.132340
5.268912
4.397453
4.950244
4.703114
4.442977
4.742135
4.293398
4.930734
4.410460
4.891713
4.534025
5.223388
4.332419
4.859196
4.657590
4.625073
4.709617
4.755141
4.709617
4.631576
5.041292
4.280391
4.989265
5.119333
4.813672
4.937237
