82.666204
87.283638
85.657781
88.129084
83.511650
87.283638
87.933981
85.982953
82.015862
86.243090
82.601170
82.275999
81.170416
82.406067
85.722815
83.381582
84.877370
77.593531
77.398428
78.504011
79.089319
75.252297
76.813120
77.138291
77.528497
79.544559
77.918702
76.683051
73.301269
76.292845
72.846029
73.561406
74.666988
76.683051
73.106166
73.301269
73.366303
67.838389
68.748869
70.114589
68.878938
65.367087
70.895000
69.529281
68.228595
67.448184
68.423698
64.716744
67.318115
64.521641
64.846813
65.367087
61.269928
62.830750
59.058762
60.424482
63.611162
63.936333
63.871299
61.725168
56.392357
58.798625
58.993728
61.334962
55.221740
57.107734
56.977665
59.318899
60.944756
55.481877
59.058762
52.620369
57.302837
54.506363
56.587460
57.302837
53.921054
54.311260
54.246226
53.205677
51.970026
52.750437
49.693826
47.547695
48.783347
49.628792
47.612730
46.832318
45.726736
46.051907
43.645639
44.230947
46.051907
45.661701
45.076393
45.206461
42.865227
43.125364
44.686187
43.125364
43.580604
44.361016
42.865227
44.946324
40.589028
40.979233
41.239370
39.353376
41.499508
41.434473
41.109302
42.735159
37.922622
43.060330
37.727520
35.516354
38.703034
38.507931
37.597451
40.458959
39.288342
37.922622
33.760429
36.752005
35.451320
37.077177
34.280703
34.540840
36.426834
35.256217
32.654846
31.289126
31.939469
35.191183
34.085600
36.556903
34.670909
34.540840
31.549263
33.370223
34.670909
33.175120
30.573749
31.224092
31.094023
30.833886
31.484229
31.419195
30.313612
30.118509
29.988441
31.419195
31.159058
30.508715
31.549263
29.403132
31.224092
30.118509
27.322035
27.387070
28.297549
26.476590
28.037412
31.744366
31.094023
27.842310
25.371007
26.606658
25.436041
26.411555
24.330459
25.891281
25.436041
26.801761
27.517138
25.175904
26.996864
27.126933
23.615082
22.249362
23.289910
25.956316
22.834670
24.070322
24.590596
22.964739
22.834670
23.094807
24.395493
21.729088
21.533985
20.493436
21.468950
23.485013
20.883642
22.054259
21.729088
21.989225
21.208813
21.533985
18.217237
19.452888
18.997648
18.412339
18.282271
19.713025
19.127717
20.168265
20.493436
20.168265
17.241723
17.371791
17.892065
18.997648
17.827031
18.022134
20.363368
18.282271
17.241723
17.631928
18.022134
16.981585
17.501860
17.696962
16.851517
17.176688
17.371791
18.477374
15.420763
16.526345
16.071106
17.631928
15.290694
14.445249
17.371791
15.550831
16.201174
16.461311
16.136140
15.745934
15.680900
16.136140
15.550831
14.120077
15.876003
15.225660
15.030557
15.290694
14.510283
14.575317
14.705386
15.420763
13.664837
14.705386
14.445249
13.859940
15.485797
15.550831
13.664837
15.420763
15.745934
15.290694
13.469734
13.534769
15.355728
14.445249
13.794906
12.494220
15.095591
13.469734
14.380214
12.364152
13.469734
15.160626
13.209597
11.453672
13.469734
15.355728
12.494220
11.908912
14.120077
11.778843
11.973946
13.404700
13.859940
12.949460
13.859940
12.949460
11.323603
13.079529
12.754357
13.209597
12.949460
12.689323
12.429186
13.144563
13.534769
10.868363
12.364152
13.079529
12.819392
11.843878
12.364152
12.429186
12.364152
11.583740
13.404700
11.063466
12.364152
10.998432
11.323603
11.518706
11.323603
10.478158
13.859940
11.713809
