18.106847
17.205745
16.819558
16.626464
16.111548
18.171212
17.785025
15.854091
14.051885
18.042483
15.467904
15.532268
16.755193
15.339175
14.759894
12.893325
14.695530
13.022054
14.438072
14.309343
13.665698
11.541671
14.566801
14.952988
13.601334
12.378409
12.249680
12.635867
10.447474
11.412942
11.477306
10.190017
14.759894
11.348577
11.606035
12.249680
11.734764
11.348577
11.477306
11.219848
9.417643
14.373708
10.769297
12.378409
10.833661
12.442773
12.893325
12.442773
12.957689
9.288914
11.091119
11.284213
10.254381
11.670400
11.541671
10.383110
8.194718
8.902727
11.477306
10.383110
9.675101
10.704932
9.868194
12.314044
9.095820
10.125652
8.323447
9.095820
11.155484
8.773998
8.259082
8.709634
9.546372
9.868194
9.803830
10.898026
9.031456
9.546372
9.160185
8.130353
9.224549
10.254381
8.001624
7.293615
8.452176
8.645269
8.323447
9.610736
8.709634
9.739465
8.967092
7.679802
9.610736
8.323447
8.001624
9.482007
8.065989
9.095820
8.001624
10.061288
9.803830
9.996923
9.353278
7.164886
7.744166
8.773998
6.843064
7.164886
9.353278
8.001624
8.001624
8.645269
7.164886
4.912129
8.967092
7.422344
8.387811
6.843064
6.456877
7.357980
8.130353
7.744166
8.323447
9.610736
6.006326
8.065989
7.551073
7.486709
6.328148
5.684503
8.130353
7.357980
5.684503
8.387811
7.036157
7.229251
8.194718
6.006326
7.486709
7.229251
7.293615
7.744166
6.649970
6.971793
7.615437
8.130353
8.709634
7.937260
7.293615
7.164886
7.872895
7.679802
6.392512
7.164886
6.521241
5.427045
6.585606
8.452176
7.486709
7.100522
8.773998
6.649970
7.036157
7.937260
6.328148
8.065989
6.843064
6.392512
7.164886
5.040858
6.714335
6.456877
6.199419
8.130353
7.164886
8.645269
6.778699
8.130353
7.036157
4.847765
5.555774
8.001624
7.615437
8.130353
6.649970
9.224549
7.036157
6.006326
6.456877
6.521241
7.422344
6.649970
7.293615
5.105223
6.328148
7.615437
6.456877
6.263783
6.392512
5.555774
6.778699
7.229251
7.164886
6.778699
6.907428
7.551073
7.036157
8.001624
7.486709
6.328148
5.233952
6.392512
7.679802
7.293615
6.070690
7.357980
7.937260
5.941961
6.714335
7.036157
6.649970
6.843064
6.199419
5.813232
5.620139
4.590307
6.843064
5.620139
6.585606
6.907428
8.065989
6.971793
7.551073
6.714335
7.679802
5.362681
8.709634
5.813232
4.847765
6.263783
8.387811
6.971793
5.298316
7.100522
5.748868
7.229251
6.456877
6.907428
6.135055
6.778699
6.263783
7.551073
6.263783
6.328148
5.233952
5.555774
7.164886
4.976494
6.263783
6.907428
7.100522
8.259082
6.006326
7.744166
5.813232
7.486709
5.813232
5.105223
5.877597
6.714335
5.362681
6.135055
6.714335
5.040858
5.555774
6.585606
6.971793
6.070690
4.654672
6.907428
7.293615
6.070690
6.328148
6.585606
7.744166
6.006326
5.620139
7.357980
6.135055
5.941961
6.971793
5.620139
5.040858
5.684503
5.813232
6.199419
4.332849
6.521241
7.036157
6.714335
5.555774
6.263783
5.941961
4.654672
7.164886
6.649970
5.491410
7.164886
5.362681
5.813232
4.332849
7.293615
5.298316
5.105223
6.135055
6.714335
6.070690
6.392512
4.461578
6.199419
6.199419
4.719036
5.169587
6.328148
3.560475
5.877597
4.332849
7.357980
5.748868
6.135055
6.328148
6.392512
5.555774
5.233952
5.620139
7.229251
5.813232
6.392512
4.461578
4.075391
5.491410
5.362681
5.169587
6.135055
5.491410
5.748868
6.135055
6.263783
6.070690
4.654672
5.941961
4.976494
5.105223
5.427045
6.006326
5.169587
4.332849
5.941961
5.748868
4.912129
6.199419
6.070690
6.006326
4.783401
4.976494
4.719036
4.397214
4.204120
6.006326
7.357980
5.877597
5.105223
5.620139
5.233952
4.654672
6.199419
5.877597
4.397214
6.843064
5.813232
6.649970
5.105223
6.714335
4.525943
6.392512
6.199419
5.620139
4.590307
5.748868
4.912129
5.941961
5.620139
4.525943
5.555774
6.521241
4.912129
6.585606
6.843064
5.233952
6.521241
4.204120
4.847765
6.585606
5.748868
6.135055
6.714335
6.263783
5.427045
6.263783
3.238653
6.521241
3.689204
5.813232
5.748868
3.882298
4.654672
5.877597
5.427045
5.298316
4.332849
5.620139
7.100522
5.491410
6.456877
6.006326
4.719036
6.263783
6.070690
5.040858
6.392512
6.714335
5.169587
6.199419
6.456877
4.590307
5.877597
6.843064
4.590307
5.555774
4.332849
4.783401
4.139756
5.877597
5.040858
5.620139
5.555774
4.912129
6.456877
5.040858
3.431746
5.620139
6.006326
6.843064
4.783401
4.075391
4.847765
4.654672
5.040858
6.199419
4.525943
6.070690
6.070690
4.783401
5.427045
6.778699
4.075391
4.912129
5.105223
6.006326
5.748868
3.946662
6.328148
4.719036
4.075391
4.204120
4.461578
4.075391
4.075391
4.461578
5.813232
5.941961
4.783401
5.362681
6.778699
5.620139
4.719036
5.813232
5.813232
3.431746
4.912129
4.332849
5.105223
6.843064
6.328148
4.139756
5.748868
4.590307
4.525943
6.907428
3.753569
4.461578
5.233952
4.011027
5.233952
4.976494
5.362681
4.847765
5.748868
3.946662
5.105223
5.298316
5.169587
4.590307
5.748868
4.590307
5.298316
4.719036
4.783401
5.941961
3.882298
2.723737
4.590307
5.298316
5.555774
4.847765
5.555774
5.169587
6.521241
5.491410
4.976494
5.684503
4.461578
5.748868
4.912129
4.719036
2.852466
5.169587
4.011027
4.525943
4.525943
4.075391
5.748868
3.560475
4.011027
4.847765
4.719036
4.719036
4.719036
3.496111
5.040858
4.912129
3.045560
5.877597
5.491410
5.040858
4.268485
5.105223
5.491410
4.525943
4.397214
4.397214
4.654672
5.040858
6.006326
3.753569
4.397214
5.941961
5.877597
4.268485
4.268485
5.169587
3.817933
4.590307
5.684503
5.362681
4.397214
3.817933
3.624840
4.719036
4.976494
4.461578
4.719036
5.040858
4.204120
5.169587
5.298316
3.946662
4.912129
4.461578
4.525943
2.530644
5.427045
4.525943
3.946662
4.525943
4.719036
5.748868
4.912129
3.882298
4.847765
5.491410
4.976494
3.689204
3.367382
5.362681
5.040858
4.590307
3.817933
5.620139
4.590307
4.912129
4.525943
5.491410
6.263783
3.367382
5.813232
4.268485
3.753569
4.976494
4.139756
3.946662
3.946662
6.070690
5.169587
4.011027
5.105223
5.298316
4.590307
4.268485
3.946662
5.555774
4.461578
4.719036
4.204120
3.689204
5.620139
4.461578
4.075391
3.367382
4.525943
3.882298
4.719036
4.397214
3.624840
5.555774
5.169587
3.303018
3.753569
3.624840
4.268485
5.427045
4.461578
4.590307
3.624840
3.624840
5.040858
4.397214
5.491410
4.847765
4.332849
5.233952
3.109924
5.233952
4.461578
4.397214
5.491410
3.689204
4.332849
4.590307
6.135055
4.397214
3.560475
3.624840
4.783401
6.328148
3.946662
3.109924
5.040858
4.397214
5.877597
4.139756
3.882298
5.169587
3.045560
4.461578
5.040858
4.525943
4.268485
3.496111
3.624840
4.525943
6.328148
4.847765
3.045560
3.882298
4.719036
5.298316
4.268485
2.981195
3.496111
5.105223
5.169587
4.397214
3.624840
3.882298
5.169587
4.011027
4.654672
3.560475
4.011027
4.976494
5.427045
4.139756
4.783401
2.788102
4.719036
3.753569
5.298316
5.105223
4.912129
5.298316
5.941961
4.719036
5.040858
2.466279
1.886999
4.525943
4.783401
5.362681
2.144457
5.233952
3.946662
3.109924
4.719036
3.882298
4.397214
4.397214
4.719036
3.817933
4.525943
4.011027
3.174289
2.788102
4.332849
5.298316
3.367382
5.298316
5.169587
5.298316
4.332849
5.105223
3.045560
3.303018
4.654672
2.595008
5.620139
4.268485
4.332849
4.075391
3.689204
3.689204
3.431746
4.139756
4.912129
4.011027
4.011027
3.174289
4.332849
5.169587
4.719036
4.654672
3.624840
3.753569
