14.862910
14.915757
14.681720
13.745574
14.387287
14.092854
13.821070
13.451141
13.073663
12.809428
12.167715
12.386652
11.850633
10.922036
11.231568
11.110775
11.593947
10.695549
10.635152
11.088126
10.197278
10.355819
9.714105
9.933043
10.023638
9.751853
9.306429
9.042194
8.543923
8.626968
8.317436
8.898752
8.574121
8.355183
8.038102
7.449235
8.551472
8.128696
7.690822
7.486983
7.486983
7.252947
7.335992
7.486983
7.668173
7.109505
7.358641
7.411488
7.509632
6.724477
7.034009
7.169901
7.049108
6.837720
7.554929
6.671630
7.388839
6.860369
6.913216
7.018910
7.147253
6.709378
6.867919
6.128061
6.664080
6.784874
6.497990
6.777324
6.490440
6.792423
6.331900
6.618783
6.565936
6.860369
6.618783
6.037466
6.414945
5.909124
6.784874
6.324350
6.143160
6.573486
5.576943
6.437593
6.581035
6.724477
6.075214
6.241305
6.475341
6.686729
5.931772
6.331900
6.520639
6.090313
6.445143
6.422494
5.667538
6.203557
6.014818
6.067665
6.226206
6.090313
5.924223
6.097863
5.108870
5.833628
6.067665
6.732027
6.226206
5.961971
5.622240
5.848727
5.659988
5.826079
6.196007
5.833628
5.478798
5.576943
5.456150
5.909124
5.531645
6.097863
5.516546
5.758132
5.667538
6.173359
5.712835
5.222113
5.433501
5.229663
5.758132
5.373105
5.116419
5.305158
5.418402
5.207014
5.894025
5.697736
5.471249
5.274960
5.592042
5.810979
5.750583
5.282510
5.388204
5.018275
4.655896
5.267411
5.516546
5.373105
5.516546
5.305158
5.033374
5.493898
5.524096
5.252311
4.942779
5.040924
4.988077
5.207014
4.950329
4.670995
4.905031
5.305158
4.678544
4.957878
5.252311
4.927680
5.214564
5.169266
4.905031
4.633247
4.821986
5.214564
5.237212
5.267411
5.531645
5.297609
4.670995
4.670995
4.520004
4.701193
4.640797
4.716292
5.290059
4.708743
4.414310
4.504904
4.701193
5.025824
4.708743
4.618148
4.467157
5.108870
4.957878
4.452057
4.603049
4.716292
4.459607
4.957878
4.489805
4.504904
4.308616
4.248219
4.497355
4.670995
3.961336
4.157624
4.467157
4.821986
4.520004
4.535103
4.285967
4.142525
4.512454
5.003176
4.844635
4.837085
4.610598
4.112327
4.648346
4.633247
4.520004
4.678544
3.885840
4.082129
4.338814
4.746491
4.663445
5.086221
4.912581
4.603049
4.285967
4.587950
4.293517
4.482256
4.301066
4.134976
4.338814
4.535103
4.180273
3.817894
4.285967
4.316165
4.595499
4.112327
4.414310
3.772596
3.878290
3.855642
4.474706
3.840543
4.384111
4.233120
3.900939
4.338814
4.323715
4.195372
4.278417
4.557751
4.195372
4.369012
4.436958
3.953786
4.021732
3.946236
4.610598
4.618148
4.399210
4.406760
4.036831
4.474706
4.240670
