10.933398
11.004935
10.250538
9.027893
9.314044
8.332027
7.486581
6.797218
6.764701
6.452536
6.205406
5.171361
5.034789
4.852693
4.833183
4.098295
3.721096
3.955220
3.473966
3.441449
3.044740
3.122781
2.739079
2.661038
2.849637
2.752086
2.609010
2.407404
2.381390
2.706562
1.997688
2.192791
2.433418
2.186288
1.971674
2.153770
2.173281
2.082233
1.783075
2.381390
1.828599
2.173281
2.088736
2.550479
1.692027
2.160274
2.004192
2.088736
1.939157
1.815592
1.932654
1.692027
2.179784
1.841606
1.926150
2.160274
1.269304
2.283839
1.919647
2.030205
1.757061
1.737551
1.880626
2.173281
1.835102
2.439921
2.238315
1.692027
2.030205
1.978178
1.822096
1.984681
1.744054
2.179784
1.613986
1.731048
1.653006
1.939157
2.069226
2.036709
1.997688
1.971674
1.418883
1.861116
1.659510
1.698530
1.893633
1.724544
1.672517
1.640000
1.783075
1.854613
1.906640
1.841606
2.010695
1.958668
1.783075
1.418883
1.932654
1.763565
1.737551
2.329363
2.134260
1.516434
1.978178
1.919647
1.880626
1.581469
1.692027
1.776572
1.672517
1.991185
2.108246
1.626993
1.633496
1.399373
1.887130
2.088736
2.004192
2.218805
1.854613
1.659510
1.841606
1.971674
1.776572
1.874123
2.062722
1.529441
1.724544
2.030205
1.861116
2.153770
1.737551
1.698530
1.483917
1.841606
1.392869
1.724544
1.705034
1.718041
1.757061
1.848109
1.685524
1.952164
1.731048
1.926150
1.705034
1.932654
2.121253
1.464407
1.600979
1.438393
1.789578
1.217277
1.451400
1.633496
2.303349
1.718041
1.594476
1.535945
1.659510
1.659510
1.854613
1.744054
1.815592
1.906640
2.069226
1.516434
1.373359
1.464407
2.082233
1.438393
1.705034
1.835102
1.574965
1.809089
1.308325
1.548952
1.926150
1.711537
1.796082
1.815592
1.724544
1.679020
1.698530
1.783075
1.880626
1.568462
2.030205
1.529441
1.776572
1.887130
1.340842
1.770068
1.600979
1.770068
1.490421
2.030205
1.685524
1.353849
2.244818
1.626993
1.470910
1.529441
1.802585
2.023702
2.010695
1.737551
1.763565
1.522938
1.913144
1.887130
1.900137
1.640000
1.705034
1.783075
1.653006
1.984681
1.646503
1.848109
