21.865733
19.181734
18.789111
17.006215
15.873400
15.364921
14.515309
13.414677
13.118600
12.314044
11.477306
11.329268
11.303522
10.872280
10.498966
10.215762
10.041978
9.855321
9.095820
9.018583
9.018583
9.205240
8.381375
7.692675
8.542286
7.229251
7.847150
7.364416
6.952483
6.463313
6.823754
6.765826
6.946047
7.055467
6.836627
6.785136
6.572733
6.933174
6.444004
6.437568
6.662843
6.527678
6.231601
6.167237
6.334584
6.128618
5.935525
6.225165
6.308839
5.999889
5.793923
6.250911
5.536465
5.703813
5.690940
5.793923
5.742431
4.989367
5.851851
5.156714
5.549338
5.575084
4.764091
5.542901
5.240388
5.221079
5.201770
5.195333
5.176024
5.433482
5.336935
5.124532
4.995803
4.925002
5.401299
4.976494
4.815583
4.931439
4.847765
4.822019
4.725472
4.751218
4.834892
4.693290
4.506633
4.982930
4.905693
4.641799
5.053731
4.925002
4.783401
4.184811
4.371468
4.751218
4.513070
4.519506
4.809146
4.751218
4.982930
4.403650
4.635362
4.603180
4.410087
4.281358
4.783401
4.776964
4.313540
4.886384
4.435832
4.525943
4.223430
4.661108
4.822019
4.654672
4.197684
4.654672
4.313540
4.744782
4.519506
4.500197
4.558125
4.223430
4.094701
3.927353
4.873511
3.895171
4.043209
4.403650
4.313540
4.165502
4.126883
4.126883
4.570998
4.011027
4.680417
4.081828
4.268485
4.519506
4.390777
3.946662
4.107573
4.184811
3.869425
4.081828
4.146192
4.223430
3.972408
4.493760
4.242739
4.609616
3.959535
3.875861
4.416523
3.940226
4.255612
4.165502
3.965972
4.068955
4.442269
4.204120
4.262048
4.049645
3.605531
4.139756
4.191247
4.049645
4.004590
4.088264
3.824370
4.210557
4.461578
3.856552
3.695641
4.165502
3.869425
4.216993
4.120446
3.972408
4.011027
4.287794
3.386691
3.463929
3.908044
4.506633
3.817933
3.895171
3.940226
4.056082
4.178374
3.605531
4.120446
4.358595
3.824370
3.676331
4.171938
4.126883
3.560475
3.605531
4.088264
3.663459
3.740696
4.101137
3.991717
4.191247
4.583871
3.933789
3.830806
3.727823
3.792188
3.991717
3.856552
3.991717
3.734260
3.463929
3.920917
3.862988
3.702077
3.959535
3.933789
4.036773
3.837243
3.914480
3.547603
3.792188
3.862988
3.901607
3.528293
4.101137
4.204120
4.043209
3.772878
3.978845
3.914480
3.901607
4.461578
4.126883
3.772878
4.249175
3.785751
3.682768
3.972408
4.017463
3.792188
3.895171
3.270835
3.965972
4.081828
3.463929
4.229866
