32.666092
30.677230
29.724635
28.192761
27.420387
26.802488
25.193376
23.655065
23.481281
21.408745
21.543910
20.526952
21.325071
20.237311
19.818942
19.201043
19.432755
18.010301
19.110933
17.501821
18.422233
17.624114
17.514694
17.328037
17.662732
16.825994
16.890359
16.053620
15.931328
15.899146
15.796163
15.281247
15.287683
16.085803
14.985170
15.255501
15.101026
14.631165
14.650475
14.708403
13.710753
13.549842
13.807300
14.360835
13.582025
13.723626
13.742936
13.536969
13.794427
13.697881
13.298821
13.620643
12.867579
12.404155
12.822524
12.243243
12.809651
12.371972
11.895675
12.487828
11.548107
11.992222
11.927857
11.586726
11.445124
11.219848
12.281862
11.580289
11.483743
11.438687
10.917335
11.972913
11.580289
11.734764
10.872280
10.936645
11.206975
11.065373
10.820788
10.614822
10.544021
10.859407
9.984050
10.299436
10.576203
10.576203
10.428165
10.293000
10.157834
10.054851
10.376674
10.299436
10.151398
9.919686
10.009796
10.247945
10.016232
10.428165
9.797393
9.733029
9.012147
9.655791
9.745902
9.893940
9.243859
10.099906
8.999274
9.829576
9.584990
9.642919
9.269605
9.224549
9.391897
9.623609
9.025020
9.108693
9.134439
9.102257
8.979964
9.288914
9.153748
9.243859
8.954219
9.166621
8.844799
8.690324
8.664578
8.671015
8.593778
8.819053
8.876981
8.252646
8.574468
8.799744
8.645269
8.220464
8.664578
8.471485
8.136790
8.767562
8.606650
9.095820
8.233336
8.323447
8.619523
8.722506
8.233336
8.413557
8.387811
8.188281
8.085298
8.085298
8.123917
7.885768
8.098171
7.969442
8.123917
7.711984
8.072425
7.589692
8.111044
8.033807
8.033807
8.535850
7.609001
7.467399
8.033807
8.265519
7.686238
7.460963
7.892205
7.158450
7.692675
7.100522
7.975879
8.053116
8.059552
8.020934
7.209941
7.885768
8.098171
8.323447
7.621874
7.757039
7.409471
7.428781
7.460963
7.184195
7.370852
7.744166
8.111044
7.557509
7.840713
7.699111
7.493145
6.997539
7.782785
7.647620
7.853586
7.312924
7.222814
7.396598
7.441653
7.254996
7.724857
7.705548
7.621874
7.345107
7.422344
7.705548
7.106958
7.370852
7.660493
6.798009
6.991102
7.518891
7.152013
7.448090
7.660493
7.338670
7.338670
