30.957451
31.360664
30.489205
31.028989
30.365639
30.703818
28.577197
29.318588
28.772300
29.253553
28.115454
28.694259
28.421115
28.043916
27.653710
28.356080
27.887834
27.627696
26.977354
26.899313
27.861820
26.795258
26.684699
26.008343
26.177432
25.787226
25.065346
25.227932
25.748206
25.618137
25.208421
25.312476
24.818216
25.240938
25.201918
24.362976
24.317452
24.519058
23.979274
24.024798
23.120821
23.511027
22.685091
22.301389
22.021742
21.579509
22.385934
22.073769
23.231379
21.683564
21.267344
20.740567
20.337354
20.714553
21.065738
20.818608
20.896649
21.338882
19.595963
19.908128
19.810576
20.447912
20.031693
19.290302
19.368343
19.075689
19.277295
18.913103
19.830087
18.952124
19.335826
18.275767
18.464367
18.535905
17.814024
18.802545
17.235219
16.734455
17.683956
16.513339
17.111654
16.389773
16.396277
17.397805
16.747462
15.849989
14.854965
16.129636
16.019078
15.622369
15.635376
15.505307
14.627345
15.472790
15.446776
15.635376
14.412731
13.450224
13.469734
12.676316
14.042036
13.788402
13.216101
13.138060
12.299118
12.962467
12.832399
12.760861
12.747854
13.242115
12.461703
13.047012
12.988481
13.404700
12.754357
13.001488
12.611282
12.916943
13.001488
12.630792
12.364152
12.598275
13.079529
11.830871
12.539744
12.058491
12.064994
12.156042
12.097511
11.902408
12.071498
11.408148
11.856884
11.863388
11.622761
12.175552
11.414651
11.115494
10.965915
10.484661
10.738295
10.926894
10.978922
11.330107
10.738295
10.796826
10.868363
10.504171
10.647247
10.257041
10.640743
10.283055
10.621233
10.790322
10.660254
10.218021
10.842350
10.231028
9.593692
10.146483
10.211517
10.296062
9.697746
9.990401
10.165993
10.042428
9.697746
10.029421
9.463623
9.613202
9.411596
9.951380
9.515650
8.962859
9.411596
9.314044
9.957884
9.275024
9.385582
9.665229
9.496140
8.982369
8.741743
9.170969
8.936845
9.177472
8.852301
8.897825
9.275024
9.431106
8.358040
8.962859
9.053907
8.371047
8.605171
7.967835
8.032869
7.727208
7.558119
7.389030
8.091400
8.364544
8.240979
7.818256
8.052379
8.000352
7.889794
7.447560
8.162938
7.616650
7.330499
7.980842
7.980842
7.961331
7.545112
8.182448
7.558119
7.577629
7.434554
7.265465
