18.106847
16.948287
17.270109
16.240277
17.141380
16.883922
17.913754
15.532268
15.918455
17.012651
16.497735
18.171212
15.918455
15.660997
17.591931
16.626464
17.398838
18.042483
16.369006
18.106847
18.750492
17.913754
14.824259
15.596633
15.725362
15.339175
17.141380
16.240277
14.759894
16.819558
16.690829
15.854091
16.690829
15.918455
16.240277
14.566801
16.690829
16.626464
15.725362
17.398838
15.789726
13.794427
16.047184
17.334474
15.467904
15.081717
15.339175
15.982820
14.952988
14.888623
14.502437
16.175913
16.562100
14.502437
16.883922
14.502437
14.373708
15.789726
13.343876
15.467904
16.948287
14.952988
15.210446
15.146081
15.274810
15.403539
13.343876
16.755193
16.304642
15.146081
14.373708
15.854091
13.730063
15.403539
15.918455
16.369006
14.952988
15.596633
15.146081
15.789726
15.339175
16.304642
15.660997
15.339175
15.854091
13.086418
14.566801
14.824259
14.695530
14.695530
16.433371
15.274810
14.180614
12.442773
14.438072
15.210446
14.373708
14.824259
17.012651
12.828960
14.373708
14.116250
14.309343
13.987521
13.601334
16.433371
12.957689
12.764596
14.695530
14.759894
13.794427
12.764596
14.759894
13.730063
14.051885
13.730063
13.472605
14.566801
13.601334
13.987521
10.769297
12.957689
16.304642
14.373708
13.472605
11.863493
14.373708
13.472605
13.923156
15.146081
12.764596
13.730063
15.982820
14.116250
13.022054
13.987521
14.116250
13.601334
12.635867
14.759894
13.536969
14.631165
14.888623
15.274810
13.794427
12.185315
13.730063
13.150783
13.858792
13.987521
13.923156
14.502437
14.116250
13.987521
13.279511
15.532268
14.116250
15.467904
14.373708
13.601334
13.923156
15.660997
14.051885
12.700231
13.858792
13.343876
14.824259
14.759894
14.759894
12.828960
13.472605
14.309343
14.180614
13.665698
12.957689
13.215147
14.824259
12.828960
12.056586
12.120951
13.665698
12.442773
11.541671
12.700231
14.566801
13.150783
11.155484
10.061288
15.403539
11.927857
11.477306
13.665698
13.665698
12.828960
13.987521
12.893325
11.734764
13.794427
13.536969
12.120951
14.244979
14.695530
12.507138
14.309343
12.314044
11.927857
12.442773
13.923156
12.893325
13.086418
13.472605
13.665698
13.923156
10.704932
12.314044
12.314044
12.185315
11.927857
13.536969
12.635867
13.086418
12.635867
13.150783
12.442773
10.383110
13.536969
11.219848
11.927857
13.150783
12.957689
12.635867
11.412942
12.120951
13.279511
13.601334
10.898026
12.185315
11.992222
12.828960
12.893325
10.898026
12.314044
11.863493
13.601334
13.150783
12.378409
12.764596
12.120951
10.254381
12.185315
12.056586
11.670400
11.734764
12.249680
12.507138
13.665698
14.116250
10.898026
10.898026
12.828960
11.606035
11.863493
10.190017
10.962390
10.833661
13.730063
12.120951
12.120951
12.764596
12.893325
10.962390
14.438072
11.219848
10.511839
10.125652
12.056586
12.635867
12.507138
11.670400
12.893325
12.764596
10.447474
12.249680
11.863493
11.412942
10.704932
10.962390
11.734764
11.863493
11.091119
10.447474
13.601334
11.541671
12.120951
11.155484
13.343876
11.734764
12.378409
10.190017
11.219848
10.769297
10.447474
10.833661
9.803830
10.769297
12.764596
12.378409
12.828960
10.898026
10.898026
10.190017
10.190017
11.155484
11.992222
12.120951
11.992222
13.086418
10.640568
11.284213
11.734764
12.314044
10.447474
10.447474
10.576203
11.734764
11.026755
10.704932
9.288914
12.635867
9.868194
13.279511
11.477306
9.482007
10.640568
11.284213
9.803830
8.902727
11.284213
10.318746
13.022054
11.284213
13.279511
11.348577
12.056586
10.576203
10.125652
11.091119
11.155484
11.927857
13.472605
11.992222
11.541671
10.511839
9.417643
10.318746
10.511839
10.125652
11.799128
11.477306
9.546372
12.442773
9.868194
10.061288
11.541671
9.417643
9.224549
9.546372
10.125652
10.833661
9.996923
10.769297
11.412942
10.833661
8.902727
9.031456
10.769297
11.348577
10.447474
11.992222
11.284213
10.640568
10.576203
11.992222
8.387811
10.640568
10.061288
9.803830
11.541671
10.511839
11.606035
9.160185
10.318746
7.357980
9.288914
9.868194
9.996923
9.546372
9.160185
8.967092
9.868194
9.610736
10.125652
10.190017
8.580905
9.353278
8.967092
9.868194
9.482007
10.962390
12.700231
10.318746
8.838363
12.120951
10.576203
9.932559
10.383110
9.482007
9.739465
8.387811
11.091119
10.125652
10.383110
9.803830
10.704932
10.190017
8.001624
10.962390
8.838363
9.288914
9.417643
12.185315
12.056586
9.031456
9.868194
9.224549
9.546372
9.353278
11.026755
8.967092
9.610736
10.190017
8.452176
10.511839
10.704932
8.580905
9.932559
9.675101
9.932559
9.353278
9.288914
10.576203
10.061288
10.962390
9.417643
9.224549
9.353278
10.383110
10.383110
11.284213
9.932559
8.452176
11.026755
9.868194
9.288914
8.387811
9.482007
8.065989
10.190017
10.061288
9.546372
9.803830
9.224549
10.318746
8.645269
8.645269
11.091119
7.808531
9.095820
10.125652
10.383110
9.932559
8.130353
9.610736
9.868194
10.125652
8.773998
9.417643
9.996923
8.902727
10.640568
9.932559
9.031456
9.288914
10.640568
8.130353
10.833661
10.640568
10.640568
9.288914
11.026755
8.065989
11.026755
9.095820
8.645269
8.259082
9.095820
8.065989
9.160185
10.576203
10.447474
10.125652
9.996923
8.580905
8.516540
9.996923
8.967092
8.645269
7.357980
9.031456
9.546372
9.675101
8.773998
9.160185
8.645269
10.704932
6.714335
8.709634
9.546372
8.259082
9.353278
9.546372
9.675101
8.709634
7.744166
9.031456
8.452176
10.190017
8.709634
9.868194
8.065989
8.387811
9.803830
9.932559
7.615437
8.452176
7.551073
9.160185
8.516540
6.714335
10.254381
8.323447
9.160185
8.194718
7.872895
6.714335
8.387811
8.580905
8.902727
8.580905
8.387811
7.229251
9.224549
8.580905
8.452176
10.511839
8.967092
9.288914
7.808531
7.937260
7.808531
8.452176
7.872895
7.422344
9.675101
8.194718
8.452176
8.259082
8.967092
8.259082
7.229251
7.293615
9.031456
8.130353
7.872895
7.937260
8.452176
6.456877
8.387811
7.679802
6.521241
9.224549
8.452176
8.001624
7.679802
8.967092
6.070690
6.843064
8.130353
7.229251
8.580905
8.387811
7.551073
8.902727
8.130353
7.422344
7.486709
7.036157
8.967092
7.422344
6.971793
8.259082
8.130353
8.194718
8.580905
7.486709
8.709634
7.679802
7.808531
8.065989
8.709634
8.967092
6.135055
6.907428
7.937260
8.773998
7.357980
7.422344
7.615437
7.357980
7.293615
6.263783
7.744166
8.387811
6.006326
8.259082
6.971793
6.843064
7.937260
7.036157
6.714335
9.160185
6.649970
8.838363
8.001624
5.941961
6.971793
7.615437
6.971793
7.357980
9.353278
7.679802
7.422344
8.323447
8.516540
6.649970
8.259082
7.357980
6.521241
8.902727
6.070690
5.427045
7.100522
7.551073
6.971793
8.902727
8.902727
6.714335
7.422344
7.357980
6.971793
8.001624
7.422344
6.778699
8.516540
7.357980
7.100522
8.967092
6.521241
7.937260
7.808531
8.130353
6.199419
7.872895
7.872895
9.031456
7.357980
8.065989
7.679802
7.036157
6.649970
7.293615
6.778699
6.392512
6.585606
7.357980
6.456877
8.516540
7.872895
7.357980
8.130353
6.199419
6.263783
8.065989
6.070690
6.328148
8.065989
7.486709
8.001624
6.714335
9.095820
5.555774
7.486709
7.615437
5.491410
8.194718
7.615437
6.263783
5.877597
6.521241
8.387811
5.877597
6.521241
7.679802
7.036157
6.585606
6.971793
8.516540
6.585606
5.941961
6.392512
7.036157
7.486709
6.456877
6.843064
6.263783
6.135055
6.070690
6.199419
6.328148
7.615437
7.551073
5.877597
6.199419
6.392512
7.357980
6.649970
8.194718
6.392512
8.838363
6.070690
6.714335
7.100522
8.580905
5.748868
6.778699
8.645269
7.164886
7.744166
7.293615
6.714335
8.259082
7.100522
6.070690
6.714335
7.036157
8.130353
6.843064
5.491410
6.649970
7.486709
5.748868
6.585606
8.259082
