49.609282
48.425658
48.841877
47.684267
48.711809
47.105462
47.001407
47.762308
48.100487
46.877842
47.443640
47.346089
45.856804
47.092455
45.486109
45.882818
44.887793
44.790242
45.330026
44.562622
44.289478
43.489556
44.009831
43.931790
42.598587
43.730183
42.546559
41.421466
41.733631
42.579077
41.336922
42.006775
40.693083
40.101271
40.797137
40.276863
40.628048
39.567990
39.678548
38.917647
39.320859
38.631496
38.332338
38.872123
39.034708
38.332338
38.247794
38.969674
38.559958
38.189263
37.506403
37.545424
37.792554
36.621937
37.812064
36.680468
36.420331
35.444816
36.355296
35.724464
35.535864
35.399292
34.879018
34.319723
34.657902
34.469302
34.937549
34.404268
33.851477
33.923014
33.272672
33.162113
32.752397
33.435257
32.849949
32.609322
33.175120
31.815904
31.796394
31.015982
31.828911
30.723328
32.186599
31.289126
32.024014
31.380174
30.801369
31.373671
30.619273
30.495708
30.450184
29.273064
29.611242
29.058451
28.746286
29.240546
28.622721
28.577197
29.208029
29.455160
28.785307
28.063426
28.817824
27.946364
27.712241
27.972378
28.356080
26.170929
26.697706
27.250498
27.257001
27.074905
26.353025
26.977354
26.964347
26.353025
26.157922
26.346521
25.227932
25.162897
25.982329
25.078353
25.123877
25.527089
25.748206
25.149891
24.623113
24.824719
24.135356
25.123877
24.226404
24.883250
24.441017
25.000312
24.245914
23.615082
23.660606
23.972770
23.849205
22.893201
23.660606
23.146835
23.322427
22.314396
22.333906
21.937197
21.917687
21.820136
22.034749
21.885170
22.821663
21.625033
21.065738
21.072241
21.586012
21.820136
21.416923
21.052731
21.104759
21.742094
20.734063
20.994200
20.617001
20.786091
19.953652
20.239803
20.155258
20.870635
20.493436
20.259313
19.869107
20.721056
19.608970
19.810576
19.270792
19.693515
18.913103
18.913103
20.337354
19.251282
19.062682
18.574925
18.932614
18.665973
18.139196
18.516394
18.113182
17.378294
17.989617
18.028637
18.048148
17.735983
17.508363
17.612418
17.599411
17.163681
17.612418
17.345777
17.722976
17.131164
17.573397
17.040116
16.851517
17.228716
16.240195
16.910048
16.558863
15.791458
16.649911
15.622369
16.350753
16.246698
16.110126
15.849989
15.915023
15.823975
15.323211
15.329715
14.919999
14.659862
15.271184
