152.604065
152.643086
152.161832
151.153801
151.088767
151.283869
149.710040
151.739109
150.574996
149.931156
149.196269
150.275838
147.674467
148.370334
148.084183
147.700481
148.474389
147.511881
146.542871
145.990079
145.573860
146.575388
147.323282
146.874545
144.357719
145.053586
144.728414
142.874938
143.161088
141.944947
142.614800
141.769355
141.944947
142.107533
139.792313
141.314115
140.683282
141.112509
139.428121
139.076936
139.850844
139.727279
138.465614
140.078464
139.818327
138.264007
138.894840
137.229962
136.878777
137.073880
137.151921
135.721167
135.617112
135.961794
136.391020
135.669140
134.153841
133.575036
133.536015
133.028748
133.152313
132.801128
130.537935
131.370374
130.167240
129.536407
130.017661
129.068161
130.661500
129.191726
128.573900
128.365790
128.385301
127.689434
126.720423
126.115604
126.291197
127.370766
125.445751
126.492803
125.107573
124.099542
124.639326
123.169552
123.644302
123.293117
122.733822
122.246065
121.088455
121.706281
120.776290
121.485164
120.177975
118.903303
119.345536
116.841717
117.752197
117.674155
117.940796
117.804224
117.628631
116.412490
114.819151
115.898720
114.890688
114.994743
113.902167
114.767123
113.154273
112.829102
111.827574
111.990160
110.774019
111.060170
110.318779
109.232706
108.250689
108.940052
107.236154
107.288182
105.922462
108.237682
105.512746
106.592315
105.356663
105.701345
104.225067
102.306556
103.594235
100.771747
102.267535
99.763716
99.367007
99.184911
99.386517
98.638623
96.433961
96.375430
98.176879
96.759132
96.238858
96.030748
96.674588
94.105734
94.736566
94.372374
94.105734
91.875058
91.992120
91.634431
91.842541
