82.666204
87.413707
88.454255
80.845245
86.698330
83.706753
89.885009
85.332610
84.227027
86.373158
81.495588
84.942404
81.690690
84.031924
82.145930
85.072473
80.129868
79.609593
80.390005
86.178055
83.446616
79.609593
81.625656
82.861307
81.170416
78.829182
80.845245
79.479525
78.243874
80.324971
79.219388
73.691474
78.829182
77.268360
74.862091
79.219388
74.732023
73.626440
78.373942
75.057194
78.699114
76.813120
73.756509
75.837605
73.626440
72.130652
73.691474
75.317331
73.756509
74.732023
71.220172
72.390789
67.578252
71.220172
72.130652
70.439761
69.594315
71.025069
67.578252
70.309692
69.204109
66.407635
67.643287
68.813904
67.578252
62.375510
66.212533
63.871299
66.082464
60.814688
65.106950
62.960819
62.440545
63.676196
66.602738
66.342601
62.570613
63.090887
62.440545
60.814688
62.635647
63.611162
59.123796
61.725168
57.432905
61.074825
60.619585
58.538488
57.693042
58.083248
59.644071
56.782563
55.872083
55.742014
56.522425
53.205677
55.221740
56.457391
55.546911
56.847597
53.856020
53.465814
56.847597
56.457391
54.311260
57.237802
54.311260
50.929478
53.986089
51.514786
49.433689
47.352592
52.685403
53.725952
43.970810
47.742798
47.092455
49.173552
47.677764
51.449752
45.336530
46.507147
46.181975
48.133004
50.344169
46.767284
48.393141
44.230947
42.995296
45.986873
46.116941
46.247010
46.051907
42.800193
46.507147
44.686187
43.905776
45.921838
42.409987
45.011358
43.645639
41.564542
40.719096
44.556119
41.629576
43.125364
41.499508
42.279919
40.523993
42.995296
42.605090
40.198822
40.914199
39.093239
42.344953
42.735159
41.109302
40.328891
41.499508
40.328891
38.247794
40.328891
39.483445
39.873651
40.393925
36.556903
36.621937
38.833102
38.768068
36.231731
36.621937
38.312828
39.743582
36.361800
34.931046
38.182759
36.361800
34.150634
35.451320
37.402348
34.866011
36.231731
36.882074
35.906560
32.459743
34.735943
34.020566
33.955532
32.134572
33.240154
30.768852
31.289126
29.077961
31.028989
30.378646
32.394709
30.638783
31.094023
31.874435
32.069538
30.833886
31.224092
28.947892
28.557687
31.224092
32.069538
29.273064
30.898921
31.354160
27.126933
30.573749
30.703818
29.208029
34.866011
29.533201
30.898921
31.028989
30.118509
28.947892
28.492652
28.817824
27.452104
29.858372
25.891281
29.533201
27.647207
28.427618
30.053475
27.126933
26.086384
28.102447
25.696178
27.712241
26.476590
24.395493
26.996864
25.696178
26.606658
25.436041
26.151418
27.907344
24.980801
21.403916
25.175904
26.866795
26.281487
26.671693
22.119293
25.826247
23.094807
25.371007
21.729088
25.371007
23.615082
23.550047
22.184328
25.045836
23.029773
23.289910
25.175904
22.834670
23.289910
22.314396
20.623505
21.794122
23.094807
21.664053
22.119293
20.623505
19.778059
24.070322
19.582956
24.005287
19.908128
22.054259
21.794122
19.517922
22.379430
21.403916
18.087168
21.468950
21.794122
23.159842
21.208813
21.468950
20.493436
21.403916
19.647991
20.818608
21.533985
19.192751
22.184328
21.989225
20.688539
18.672477
20.818608
19.517922
18.932614
19.192751
20.298333
21.859156
22.574533
20.038196
20.168265
21.273848
20.168265
19.062682
19.257785
17.306757
18.737511
19.257785
21.664053
18.217237
18.282271
17.892065
18.997648
