17.761997
17.300253
16.207678
16.949068
17.066130
16.636904
16.370263
16.610890
16.064602
16.181664
16.630400
16.721448
15.954044
16.051595
15.732927
14.965523
15.739431
15.193143
15.303701
16.519842
14.978530
15.329715
15.089088
15.017550
14.867971
14.744406
14.438745
14.549303
14.406228
14.172105
14.601331
14.724896
14.126581
14.074553
15.017550
13.781899
14.386718
14.321683
14.146091
13.905464
13.892457
14.094064
14.341194
13.482741
13.020998
12.650303
12.097511
12.637296
12.630792
12.942957
12.409676
11.661782
12.715337
11.863388
12.091008
11.720312
11.837374
12.266600
11.681292
11.648775
10.985425
11.200038
10.874867
11.128501
11.082977
11.037453
10.907384
10.562702
11.082977
10.978922
10.309069
10.322076
10.315572
10.939901
10.666757
11.154514
11.252066
10.764309
10.361096
10.309069
10.270048
10.738295
10.497668
9.834318
10.257041
9.678236
10.796826
10.640743
10.478158
10.192007
10.224524
10.400117
10.816336
10.107462
10.009911
10.061938
10.237531
10.081449
9.671733
10.009911
9.996904
10.549695
9.944877
10.133476
9.632712
10.718785
9.964387
9.411596
9.827815
9.209989
9.808305
9.170969
9.489637
9.840822
9.431106
9.196983
9.541664
10.185504
9.392085
9.099431
9.626209
8.988873
8.806777
9.086424
8.787267
8.501116
8.423075
8.286503
8.299510
7.954828
8.319020
8.429578
7.935318
8.819784
8.026366
8.293006
8.052379
7.512595
8.371047
7.590636
8.045876
7.707698
8.013359
8.052379
8.104407
7.512595
8.078393
7.935318
7.727208
7.889794
7.688187
7.271968
7.525602
7.584132
7.304485
8.123917
7.720704
7.688187
7.467071
7.623153
7.109382
7.441057
7.668677
7.922311
7.376023
7.122389
6.972810
7.245954
7.239451
7.402036
7.193927
7.245954
7.363016
7.063858
7.909304
7.408540
7.200430
7.167913
7.265465
7.278471
7.213437
6.907776
7.356513
7.889794
7.187423
6.771204
6.719177
6.998824
7.356513
7.323995
7.050851
7.089872
6.829735
6.686659
7.239451
7.018334
7.148403
7.310989
6.985817
6.803721
6.569598
7.310989
6.920783
7.642663
6.634632
6.777707
6.836238
7.187423
7.167913
7.343506
7.460567
6.517570
6.777707
6.550087
6.686659
6.712673
6.829735
6.868755
6.920783
6.868755
7.115886
