152.734134
150.750588
150.470941
150.789609
150.711568
150.119756
151.127787
149.313331
150.718071
149.807591
149.911646
148.402851
149.066201
150.301852
149.417386
148.285789
148.422361
148.636974
146.061617
146.731470
147.115172
145.658405
144.891000
143.987024
145.703929
146.139658
144.695897
146.328258
143.974017
144.318698
142.205084
144.845476
142.965985
142.907455
142.406691
142.465222
141.132019
141.418170
141.405163
140.208532
139.629727
140.286573
139.421617
139.076936
139.193997
137.743733
138.368062
137.691706
136.664164
136.208924
136.098366
134.687122
134.739150
133.119796
135.487044
133.646574
134.101814
133.913214
133.770139
132.053234
132.553998
131.584987
131.741069
130.115212
132.274350
130.908631
130.843596
131.266319
130.316819
129.243753
128.567397
129.581931
129.796545
126.414762
126.382245
126.349728
125.940012
126.167632
125.887985
126.018053
124.925477
125.146594
123.293117
122.324106
124.736878
125.549806
123.371158
122.330610
121.914390
122.844380
120.418602
121.621736
119.820287
120.275526
120.652725
119.449591
119.657701
120.190982
118.025341
116.939268
118.610649
117.316467
117.459542
116.230394
114.871178
115.567045
114.168808
114.988240
114.539503
114.721599
113.629023
114.480972
112.107221
111.957643
111.632471
112.848612
113.258328
109.258720
113.394900
109.278230
109.330258
109.096134
108.101110
107.535312
108.101110
107.886497
107.971041
106.403715
106.663852
106.793921
105.142050
105.824910
103.457663
106.104558
103.379621
102.930885
103.542207
102.670748
100.979857
102.117957
101.376566
101.070905
101.181463
101.708241
100.010846
100.433569
99.028828
98.892256
98.261424
97.734646
98.384989
97.402971
97.266400
96.830670
94.814607
96.804656
95.490964
96.011238
94.684539
94.424402
95.133275
92.798545
93.754549
92.278271
92.583932
91.393804
90.262208
89.429769
88.148594
90.015078
89.312708
87.030004
87.335666
87.322659
86.334138
88.298173
85.579740
84.877370
84.604226
85.163521
84.591219
85.072473
82.978369
83.088927
82.796273
82.861307
82.594667
81.241954
80.442032
80.968810
79.212884
79.420994
79.921758
79.505539
78.673100
78.751141
76.461935
78.673100
77.086264
76.058722
75.948164
75.447400
76.754589
74.374334
73.561406
73.288262
73.763012
72.748477
72.852532
71.226675
71.733943
71.038076
72.312748
71.096607
71.421778
69.789418
69.230123
69.704873
69.106558
69.262640
69.529281
