17.436825
15.485797
18.412339
17.436825
18.412339
17.761997
22.314396
16.786483
16.461311
13.859940
18.737511
17.761997
19.062682
21.338882
20.038196
20.038196
15.485797
18.737511
16.461311
20.038196
14.835454
18.412339
16.461311
15.160626
12.884426
13.534769
15.485797
16.786483
18.087168
19.387854
9.307541
17.111654
16.136140
19.062682
13.534769
16.786483
16.461311
19.387854
21.664053
15.160626
14.835454
15.160626
14.510283
14.835454
10.933398
10.933398
17.761997
13.859940
16.461311
14.185112
17.436825
12.559255
16.461311
9.957884
14.510283
12.559255
12.884426
18.087168
13.534769
12.884426
17.111654
14.835454
9.957884
10.933398
14.835454
9.632712
6.706170
16.136140
10.608226
9.957884
8.657198
12.884426
17.436825
12.884426
8.657198
13.859940
14.835454
10.933398
12.559255
5.730656
11.583740
12.559255
10.283055
10.283055
10.933398
11.583740
9.957884
12.884426
12.234083
13.859940
8.982369
14.835454
9.957884
9.307541
12.559255
13.209597
10.283055
8.332027
10.608226
12.559255
13.534769
10.283055
10.608226
14.835454
9.632712
10.933398
10.933398
13.209597
12.884426
9.957884
9.957884
12.559255
11.258569
8.657198
6.055827
9.957884
10.283055
11.583740
12.559255
16.461311
7.356513
11.583740
11.258569
10.283055
11.258569
12.559255
8.657198
9.632712
8.657198
7.356513
11.908912
11.908912
8.332027
12.884426
9.307541
13.859940
12.884426
11.258569
7.031341
9.307541
7.356513
10.608226
5.730656
11.258569
8.332027
8.982369
10.283055
9.307541
14.185112
10.283055
8.657198
11.908912
5.405484
8.657198
6.055827
7.031341
11.583740
9.307541
11.908912
11.583740
8.332027
9.957884
9.307541
12.884426
11.258569
7.681684
7.031341
3.779627
12.234083
5.080313
10.608226
9.307541
8.982369
7.681684
7.031341
8.006855
9.632712
14.185112
8.982369
9.632712
7.031341
7.356513
8.657198
10.933398
15.810968
8.982369
9.307541
6.055827
8.657198
10.608226
6.055827
8.332027
3.779627
8.332027
7.681684
8.332027
6.055827
8.006855
4.104799
2.153770
8.332027
2.478942
8.006855
5.730656
6.055827
6.055827
7.681684
11.583740
8.332027
5.405484
7.356513
6.706170
6.706170
6.055827
7.031341
8.657198
7.356513
5.080313
4.429970
8.006855
