10.933398
11.414651
11.011439
10.562702
10.705778
11.030949
10.289558
10.439137
10.361096
10.523682
10.868363
10.705778
10.458647
10.868363
10.432634
10.354593
10.660254
10.471654
10.354593
10.796826
10.159490
10.068442
10.152986
10.673261
10.380606
10.328579
10.452144
9.769284
10.328579
10.608226
9.762781
9.444113
9.196983
9.268520
9.957884
9.053907
9.775788
9.632712
9.496140
8.579157
9.704250
9.047404
9.040900
9.808305
9.314044
9.222996
8.930342
8.845797
8.449088
9.034397
8.819784
9.073417
9.600195
8.845797
8.832791
8.462095
8.501116
8.722232
8.442585
8.240979
9.177472
8.579157
8.657198
8.358040
8.104407
8.273496
7.753222
7.551615
8.188951
7.720704
8.019862
7.837766
7.642663
8.227972
8.104407
8.084896
8.000352
8.195455
7.818256
8.032869
7.447560
7.037845
7.096375
7.343506
7.701194
7.226444
6.933790
7.317492
7.603643
7.389030
7.408540
6.686659
7.180920
7.018334
6.855749
6.732183
7.304485
6.641135
6.953300
6.563094
7.265465
6.608618
6.823231
6.784211
6.641135
6.491557
7.122389
6.647639
6.797218
6.446033
6.699666
6.569598
6.511067
6.543584
6.556591
6.407012
6.667149
6.875259
6.777707
6.660646
6.114358
7.083369
6.790714
7.161410
6.784211
6.237923
6.400509
6.367992
6.881762
6.628129
6.413515
6.842742
6.647639
6.257433
5.919255
6.218413
6.537081
6.367992
6.537081
6.101351
6.680156
6.211909
6.088344
6.647639
6.784211
6.641135
6.036317
6.595611
6.146875
6.296454
6.322468
6.159882
6.283447
6.029813
5.925758
6.862252
6.257433
6.114358
6.153378
6.367992
6.068834
6.296454
5.971282
5.379471
5.756669
5.431498
5.418491
5.424994
5.607090
6.049324
5.353457
5.177864
5.607090
5.314436
5.490029
4.969755
5.106327
5.392477
5.359960
5.470518
4.898217
5.171361
5.372967
5.301429
5.574573
4.885210
5.431498
5.652614
5.086816
5.555063
4.976258
5.418491
4.950244
5.268912
5.353457
4.937237
4.748638
5.067306
5.307933
5.054299
4.898217
5.060803
5.190871
4.820176
4.794162
4.631576
5.158354
4.794162
5.262409
5.138844
4.839686
4.657590
4.852693
4.807169
4.677100
4.644583
4.455984
4.618569
4.709617
5.060803
