14.862910
14.840261
14.651522
14.727018
14.311791
14.508080
15.029000
13.994710
13.987160
15.119595
14.153251
14.062656
14.123052
14.274044
14.296692
14.062656
14.123052
13.345447
13.889016
13.420943
13.202005
13.179356
13.919214
14.024908
13.277501
13.262402
13.141609
12.786779
13.609682
13.277501
13.368096
13.088762
12.998167
13.005716
12.650887
13.398294
12.975518
12.900022
12.877374
13.360546
12.628238
12.545193
11.888381
12.462148
11.812885
12.575391
12.771680
12.371553
12.779229
12.069570
12.318706
12.477247
12.824527
11.835534
11.420307
12.228111
12.673535
12.054471
11.963876
11.458055
11.609047
11.359911
11.714741
12.084669
11.956327
12.009174
11.895930
11.827984
11.843083
12.371553
11.661894
12.031822
11.110775
11.669443
11.420307
11.782687
11.020180
11.156073
10.680450
11.593947
11.095676
11.125874
11.057928
11.005081
11.201370
11.012631
10.635152
10.816342
11.148523
11.171172
10.393566
11.284415
10.635152
11.427857
10.204827
10.552107
10.687999
11.020180
11.088126
10.272773
9.970791
10.537008
10.182178
9.789601
10.906937
10.000989
10.710648
10.302972
10.008538
9.812250
10.801243
10.393566
9.555564
9.865097
9.970791
9.563114
10.174629
10.491711
9.132789
9.661258
9.321528
9.427222
9.517817
9.510267
9.834898
9.517817
9.457420
9.412123
9.480069
9.004446
9.246032
9.532916
9.238483
9.306429
9.321528
9.389474
9.570664
9.412123
9.215834
8.996897
8.996897
8.702463
9.434771
9.623511
9.200735
8.785509
8.777959
9.072392
8.785509
8.642067
8.777959
9.442321
9.246032
8.793058
9.110140
8.928950
9.087491
8.898752
8.966698
8.936500
8.392931
7.924858
9.412123
8.883653
8.694914
8.777959
9.034644
8.566571
9.019545
8.800608
8.725112
8.649616
8.362733
8.679815
8.030552
8.317436
8.815707
7.962606
7.713470
7.811615
7.879561
7.728569
7.721020
7.675722
8.151345
7.509632
7.690822
7.600227
7.283145
7.947507
7.751218
7.192550
7.570028
7.169901
7.607776
7.411488
7.570028
7.872011
7.721020
7.698371
7.388839
7.162352
7.705921
7.524731
7.298244
7.456785
7.804065
7.403938
7.064207
7.834263
6.996261
7.592677
7.003811
7.192550
7.011361
7.872011
7.192550
7.071757
7.313343
7.411488
7.351091
6.988712
7.675722
7.305794
7.177451
7.773867
7.003811
7.252947
7.660623
7.426587
6.762225
6.966063
7.260496
7.743668
7.034009
7.086856
7.018910
7.079307
6.950964
7.056658
7.237848
7.283145
6.482891
6.875468
6.769774
6.830171
6.226206
6.316800
6.852820
7.094406
6.497990
6.732027
7.245397
6.815072
6.732027
6.188458
6.815072
7.034009
5.939322
6.513089
6.294152
6.060115
6.543287
6.029917
6.105413
6.445143
6.679180
6.611233
5.909124
6.354548
6.920766
6.799973
7.041559
