14.810063
14.651522
14.847811
14.447684
14.606225
14.047557
13.383195
13.352996
13.919214
12.771680
12.937770
12.749031
12.703734
12.129967
12.386652
12.733932
12.092219
11.744939
11.737389
11.284415
11.820434
11.820434
10.891838
11.186271
11.669443
10.348269
10.476612
10.680450
10.091584
9.849998
9.895295
9.789601
10.416215
9.457420
9.706556
10.106683
9.019545
9.525366
9.510267
9.434771
8.936500
8.891203
9.668808
9.193185
8.468427
8.861004
9.193185
9.193185
8.355183
8.898752
8.928950
8.294787
8.815707
9.283780
8.317436
8.438229
8.090949
7.811615
8.219291
8.090949
8.272138
8.189093
7.962606
8.083399
7.509632
7.532281
7.419037
7.879561
8.106048
6.920766
7.985255
7.577578
7.117054
7.758768
7.607776
7.381289
7.577578
8.128696
7.185001
7.124604
7.298244
7.554929
7.539830
7.419037
6.573486
7.464335
6.860369
6.920766
7.003811
6.815072
6.754675
6.966063
6.226206
6.709378
7.169901
7.086856
6.112962
6.739576
7.071757
