32.666092
31.333747
31.707061
31.468913
31.475349
31.056980
30.973306
30.735158
30.271733
29.196847
30.110822
30.046458
30.117259
29.003753
27.806574
28.173451
28.495274
27.574862
28.083341
27.845193
28.134833
27.993231
28.836406
27.098565
27.047073
26.590085
26.757433
26.905471
26.924781
26.860416
26.750997
26.924781
26.467793
26.487102
26.313318
26.088042
26.339064
25.734038
25.688983
25.399342
25.457271
26.100915
25.270614
25.386470
25.940004
25.000283
24.395257
24.852244
24.562604
24.923045
24.517549
25.071084
23.404044
23.069348
23.487718
24.066998
22.670289
23.114404
22.805454
23.539209
23.249569
22.206864
22.715344
23.178768
21.794932
21.859296
21.923661
22.721780
22.445013
22.934183
21.569656
22.309848
21.962279
22.863382
21.344380
21.827114
21.273580
21.885042
22.123191
21.859296
20.835901
20.938884
20.211566
21.344380
21.183469
22.155373
21.698385
21.189906
20.739354
20.913138
20.777973
20.758664
20.983939
21.608275
20.308112
20.282367
20.057091
20.784409
20.076400
20.031345
19.355518
19.786760
19.638722
19.387700
20.681426
19.001513
19.168861
19.709523
18.898530
18.995077
19.065878
19.600103
18.840602
19.162425
19.310463
19.162425
18.853475
18.840602
18.872785
18.100411
18.544526
18.055356
18.898530
18.853475
18.666818
17.675605
17.231490
17.437457
17.450330
17.862262
17.797898
16.748757
17.250800
17.379529
17.096325
17.328037
17.186435
17.077016
16.703702
17.521131
17.282982
17.025524
16.491299
16.079366
16.742320
16.626464
16.021438
16.356133
16.040748
16.015002
16.060057
15.931328
16.761630
15.435721
15.770417
15.866963
15.828345
15.886273
16.175913
15.004479
15.306992
15.950637
15.596633
15.467904
15.976383
15.667434
15.461467
14.940115
15.802599
14.644038
15.976383
14.766331
14.689094
15.081717
15.126772
15.693179
14.302907
14.553928
15.152518
14.804950
14.624729
14.985170
14.669784
14.566801
14.090504
14.856441
14.283597
14.315780
14.759894
14.013267
13.910283
13.865228
14.264288
14.888623
14.515309
14.058322
14.393017
14.772767
13.794427
14.644038
13.685008
14.187051
14.470254
14.045449
13.157219
13.298821
13.775118
13.144346
12.816087
12.474956
13.041363
13.221583
12.828960
13.079982
13.028490
13.395368
12.989871
12.558629
12.674485
12.899761
12.648740
