17.989617
18.327795
17.944093
18.776531
17.814024
17.254729
17.592908
17.163681
18.002624
17.755493
17.456336
17.716473
17.280743
16.825503
17.144171
17.553887
16.409284
16.149147
16.727952
17.352281
17.027109
16.506835
16.207678
16.630400
15.986561
16.318236
16.448304
16.214181
15.843486
16.207678
14.744406
14.802937
15.206150
15.817472
15.297198
14.815944
14.965523
14.074553
14.276160
14.913495
14.282663
14.165601
14.620841
14.406228
13.827423
12.507227
12.370655
13.398197
13.138060
12.949460
12.611282
12.741351
12.494220
13.157570
13.007991
12.715337
12.981977
12.383662
11.947932
12.279607
11.850381
11.960939
12.598275
11.655278
12.858412
12.526737
12.682820
11.863388
12.507227
11.570734
12.526737
12.416179
12.227580
11.895905
12.578765
11.687795
11.128501
11.921919
12.110518
11.655278
11.843878
11.967443
11.635768
11.414651
10.790322
11.284583
11.336610
11.642271
11.219549
11.239059
10.900881
11.583740
11.999960
11.030949
11.050459
11.752830
10.504171
10.426130
10.887874
9.931870
10.328579
9.704250
10.744798
10.445641
10.022918
9.756277
10.244034
10.244034
10.335082
10.179000
9.938373
10.055435
9.912360
10.224524
10.146483
9.860332
10.276552
9.307541
10.165993
9.996904
9.535161
9.951380
9.470126
9.860332
10.198510
9.437609
9.957884
10.263545
9.639216
9.372575
9.294534
9.658726
9.795298
10.205014
10.061938
9.782291
9.639216
8.891321
9.242507
9.105935
9.014887
9.470126
8.917335
9.561174
10.029421
9.105935
9.053907
9.203486
9.353065
8.858804
9.353065
8.917335
9.034397
9.372575
9.151459
8.709225
8.735239
8.553143
9.196983
8.319020
8.709225
8.780763
8.871811
8.436081
8.644191
8.780763
8.995376
8.819784
8.397061
8.559647
8.149931
8.123917
8.384054
8.234475
7.798746
7.889794
7.805249
7.779235
7.571126
7.831263
7.993848
7.727208
7.798746
7.915807
7.460567
7.759725
7.753222
7.837766
8.143427
7.694691
7.759725
7.987345
7.649167
7.805249
8.462095
7.623153
7.863780
7.532105
8.026366
7.616650
7.486581
7.024838
7.031341
7.317492
7.584132
7.694691
7.473574
7.141899
6.933790
7.785739
7.356513
7.219941
7.369519
7.057355
7.265465
6.920783
6.849245
7.245954
7.180920
7.096375
