21.865733
20.366040
21.202779
20.475460
20.713609
20.520515
19.754578
19.954108
19.632285
19.612976
20.115019
18.917840
19.355518
19.278281
18.377178
18.666818
19.207480
18.299941
18.422233
18.505907
18.267758
17.739970
18.087538
18.647509
17.945936
17.849389
18.010301
16.780939
17.411711
17.154253
17.482512
16.407625
16.452680
16.916104
17.328037
16.774503
16.877486
16.581409
17.109198
16.922541
16.555663
16.420498
16.587846
16.227405
16.780939
16.658647
15.738234
15.467904
16.388316
15.635251
16.137294
16.375443
15.448594
15.622378
15.558014
15.577323
15.854091
14.804950
15.371357
14.888623
15.467904
15.667434
14.959424
14.804950
14.431636
14.714839
14.476691
15.377793
15.216882
14.154868
14.148432
14.315780
14.689094
14.541055
13.742936
13.511224
13.910283
12.745286
12.970562
13.054236
13.459732
13.607770
13.395368
12.700231
12.964126
12.912634
12.957689
12.828960
12.758159
12.751723
12.166006
12.539320
12.101642
12.648740
12.140260
12.674485
12.487828
11.889239
12.539320
12.391282
11.876366
12.204625
11.985785
11.773383
12.565066
11.960040
13.009181
12.120951
12.713104
11.451560
12.236807
12.326917
11.927857
12.178879
11.985785
12.629430
11.792692
11.464433
11.200539
11.824874
11.535234
11.799128
11.741200
11.683272
11.374323
11.966476
11.606035
11.618908
11.039628
11.284213
11.206975
11.548107
11.548107
11.052501
10.788606
10.968827
11.181230
11.264903
10.988136
10.511839
10.621259
10.235072
10.331618
9.617173
10.138525
10.415292
10.312309
10.209326
10.827225
9.681537
9.842448
9.932559
9.984050
9.469134
9.893940
9.919686
10.228635
9.784520
10.144961
10.318746
9.951868
9.340405
10.074161
9.726592
10.350928
10.524712
9.687974
9.797393
8.761125
9.938995
8.992837
9.707283
9.366151
9.327533
9.591427
9.237422
9.269605
9.501317
9.411206
9.379024
9.527062
9.488444
9.494880
9.340405
9.218113
8.973528
8.979964
9.333969
9.823139
9.205240
9.018583
9.546372
9.185931
8.555159
9.649355
8.741816
8.793307
8.928473
8.915600
8.625960
9.501317
8.986401
9.295350
9.102257
9.153748
8.638833
8.934909
8.947782
8.696761
8.716070
9.063638
9.166621
9.385461
8.960655
8.336320
8.625960
8.606650
8.568032
8.883418
8.317010
7.724857
8.355629
8.252646
8.928473
7.860023
8.014497
8.503667
8.522977
9.205240
7.969442
7.917951
7.917951
8.548722
8.645269
8.252646
8.465049
7.969442
8.214027
8.162536
8.278392
8.123917
7.415908
7.506018
6.424695
6.308839
6.688589
6.984666
7.106958
6.514805
