30.957451
30.989969
31.146051
30.235571
30.573749
29.871379
29.422642
30.495708
29.968930
29.357608
28.720272
29.689283
29.500684
29.500684
29.201526
27.972378
28.252025
28.590204
28.095943
27.959371
26.639175
26.476590
26.847285
26.392045
26.261977
25.988833
25.754709
26.092888
26.131908
25.149891
25.286462
25.442545
25.195414
24.584092
24.909264
24.759685
24.323955
23.933750
24.415003
24.102839
23.387462
23.784171
23.101311
23.062290
23.341938
23.055787
23.576061
22.886698
22.613554
22.411947
22.620057
22.652574
22.190831
21.891673
22.665581
22.242858
20.890145
20.935669
21.533985
21.273848
20.935669
20.538960
18.470870
18.581429
19.134220
18.620449
19.004151
18.451360
18.659470
17.742486
18.171713
18.529401
17.709969
17.371791
17.729480
17.105151
17.768500
17.807521
17.137668
18.822055
17.436825
17.417315
17.469342
17.371791
17.079137
16.448304
16.376767
16.428794
15.570342
17.072633
17.079137
16.805993
16.279215
16.532849
16.201174
17.144171
16.617393
16.051595
15.778451
16.415787
15.889010
16.188167
16.350753
15.485797
14.835454
15.889010
14.861468
15.557335
15.225660
16.149147
15.011047
14.946013
15.050067
14.575317
15.063074
14.952516
14.516786
15.479294
14.653358
14.633848
14.139588
13.853437
13.586796
13.898961
13.658334
14.230636
13.144563
13.235611
13.170577
13.469734
13.866444
14.191615
13.723368
13.658334
13.807913
12.799881
13.677844
13.437217
13.099039
13.489245
13.411204
13.261625
13.248618
12.793378
12.910440
13.684348
13.723368
12.981977
12.474710
13.118549
12.598275
12.715337
12.903936
11.915415
12.396669
12.123525
12.012967
11.876395
12.123525
12.162546
12.578765
11.882898
12.188559
12.012967
11.687795
12.338138
11.817864
12.214573
11.785347
12.702330
11.928422
11.440665
11.739823
12.143035
11.473182
11.161018
11.720312
11.564230
11.395141
12.032477
11.616258
10.978922
11.596747
11.050459
11.707306
11.694299
11.876395
11.850381
11.440665
11.434162
11.421155
11.720312
12.058491
11.499196
11.095983
11.017942
10.985425
10.699274
10.920391
10.595219
10.731791
10.452144
11.037453
10.504171
10.933398
10.614730
11.011439
10.257041
10.725288
10.497668
10.452144
10.634240
10.491165
10.959411
10.777315
10.354593
10.510675
10.796826
10.322076
9.918863
