49.609282
49.654806
48.757333
47.619233
48.204541
48.028949
49.297117
48.217548
48.562230
48.321603
47.521682
48.217548
47.437137
46.994904
48.321603
47.020918
46.871339
47.216020
46.175472
46.721760
46.351065
47.248538
47.131476
46.370575
45.941349
46.168969
45.889321
47.177000
45.082896
45.525129
45.024365
45.876314
44.198430
44.666677
44.497588
44.556119
44.900800
43.886266
43.892769
43.788714
43.658646
44.191927
42.982289
41.258881
41.349929
41.694610
41.506011
41.356432
41.128812
41.005247
40.797137
40.660565
40.309380
41.616569
39.912671
41.193846
40.862172
40.823151
40.491476
40.289870
40.192319
40.491476
40.283367
40.172808
39.600507
39.678548
39.021702
39.424914
38.976178
39.411907
39.574493
38.846109
39.073729
37.935629
38.195766
38.390869
37.721016
37.649478
37.012143
36.725992
37.226756
36.791026
37.603954
37.194238
36.732495
36.875571
37.103190
35.828519
36.680468
35.223700
37.330810
35.776491
35.412299
35.548871
34.501819
34.859508
35.594395
35.106638
35.002583
35.210693
35.236707
34.371751
34.423778
35.048107
33.181624
34.670909
33.870987
33.766932
34.430282
33.578333
32.427226
32.550791
33.110086
33.370223
33.279175
32.063034
32.602819
32.895473
32.544288
32.037020
31.887442
31.828911
31.211085
31.906952
32.134572
32.017510
31.061506
30.671301
30.853397
30.931438
31.679332
30.872907
30.703818
30.554239
30.593259
29.702290
30.235571
30.059978
30.560742
30.333122
29.533201
30.398157
29.435649
29.910400
30.723328
30.651790
30.085992
29.864876
29.240546
30.125013
29.936413
28.960899
29.598235
29.116981
28.915375
28.180488
27.978882
28.395101
27.627696
28.265032
27.829303
28.050419
27.204974
27.660214
27.289518
28.030909
27.445600
27.419587
27.432594
27.328539
27.152946
27.074905
26.405052
27.029381
26.730223
26.944837
26.125405
25.943309
25.331986
26.092888
25.149891
26.476590
25.344993
24.226404
24.714161
24.284935
24.714161
24.922271
25.143387
25.351497
24.636120
23.797178
23.985777
25.130380
23.979274
24.421507
23.836198
24.382486
23.166345
24.083328
23.881722
24.597099
23.419979
23.563054
22.633064
23.550047
22.958235
23.576061
22.730615
23.257393
22.997256
22.763133
21.891673
21.703074
22.099783
22.164817
22.268872
21.859156
21.729088
21.963211
21.794122
