152.604065
151.986240
150.965201
151.901695
151.687082
150.633527
151.641558
151.186318
150.854643
149.970177
150.048218
149.898639
149.462910
149.638502
149.853115
147.759012
149.391372
149.072704
147.368806
148.441872
149.703537
144.741421
145.456798
145.873018
146.471333
145.807983
147.108669
144.995055
143.622832
142.569276
144.975545
145.463302
143.408219
143.974017
144.773938
143.895976
143.135075
141.561245
141.125515
142.939972
142.140050
142.153057
142.491235
140.910902
141.125515
140.761324
140.215036
139.896368
139.980912
140.819854
138.862323
138.998895
138.582675
138.719247
138.400579
138.277014
138.712744
137.750237
139.122460
137.971353
138.426593
136.130883
136.683674
134.570060
136.820246
134.225379
134.680619
133.431961
135.662636
133.763635
133.191334
132.254840
133.848180
132.495467
131.916662
131.656525
133.601050
131.032196
131.650021
132.150785
130.459894
129.796545
130.713528
131.149257
129.152705
128.762500
129.751021
128.034116
128.066633
128.606417
129.816055
126.739934
126.707416
126.811471
127.617896
127.039091
125.920502
125.504282
124.951491
125.673371
126.070081
125.842461
125.023029
124.444224
124.001991
123.585771
124.138562
123.540247
124.060521
123.754860
122.961442
121.764811
123.208572
122.207044
123.098014
122.753332
120.659229
123.137035
121.907887
120.587691
119.722735
120.951883
119.391060
120.678739
120.210492
120.073920
119.339033
119.345536
118.682187
118.701697
117.752197
119.189454
118.682187
118.064361
116.854724
117.797721
116.594586
116.867730
115.794665
117.283950
115.313411
115.332921
116.854724
115.215860
114.838661
112.783578
114.480972
112.673020
113.869650
111.834077
112.087711
