17.761997
17.137668
17.365288
17.703466
17.092144
17.677452
17.404308
17.872555
17.326267
16.350753
17.014103
17.527873
16.701938
17.092144
16.929558
17.189695
16.884034
17.586404
17.638432
16.623897
16.318236
16.682428
16.272712
16.493828
16.155650
15.368735
15.862996
15.947540
15.954044
15.719920
15.934534
15.739431
15.342722
15.765444
15.778451
16.051595
16.058099
16.422291
15.823975
15.303701
16.032085
15.147619
16.142643
15.583348
15.368735
16.051595
15.713417
14.874475
15.089088
15.297198
15.128109
15.355728
15.375239
14.581821
15.186639
15.115102
14.568814
14.659862
14.822447
14.959019
14.347697
15.063074
14.627345
14.887482
14.341194
14.724896
14.770420
14.893985
14.601331
14.211125
14.302173
14.692379
14.055043
14.250146
14.315180
14.692379
14.464759
13.898961
13.723368
13.957492
14.750910
14.165601
13.658334
14.152594
13.534769
13.190087
13.684348
13.768892
13.567286
13.534769
13.307149
13.534769
13.261625
13.352673
12.747854
13.365680
13.313652
12.767364
13.040508
13.300645
13.352673
13.086032
13.196591
12.949460
13.001488
12.754357
12.910440
13.001488
13.502252
12.728344
12.123525
12.767364
12.624289
12.975474
12.578765
12.429186
12.793378
12.312124
12.767364
12.643799
12.520234
12.617785
12.624289
12.253594
12.552751
12.383662
12.572261
12.552751
11.954436
12.390165
12.507227
12.273104
12.012967
12.468207
12.182056
12.591772
12.390165
12.123525
12.260097
11.668285
11.492692
12.169049
11.869891
12.051987
11.824367
11.655278
11.375631
11.200038
11.746326
10.920391
11.369127
11.544720
11.531713
11.330107
11.317100
11.069970
10.998432
11.772340
10.679764
11.030949
11.343114
11.492692
11.401644
10.536689
10.744798
10.432634
10.705778
11.479686
11.343114
10.484661
11.050459
10.061938
10.718785
10.341586
10.120469
10.887874
10.126973
10.361096
10.126973
10.289558
10.341586
11.030949
9.535161
9.970890
10.315572
9.951380
10.283055
10.510675
10.237531
10.100959
10.172497
10.647247
10.432634
10.257041
9.899353
10.205014
10.113966
10.328579
9.723760
10.257041
9.795298
10.211517
10.263545
10.367599
9.970890
10.439137
10.094456
9.769284
10.159490
9.483133
9.983897
9.327051
9.931870
9.730264
9.320548
9.541664
10.549695
10.152986
9.847325
9.788794
9.704250
