17.989617
17.469342
18.913103
18.301781
17.670949
17.638432
17.827031
17.950596
17.944093
17.664445
17.957100
17.755493
17.814024
18.009127
17.709969
16.773476
17.267736
17.137668
17.033613
16.734455
16.962075
17.280743
17.124661
16.526345
16.988089
16.578373
17.423818
17.046620
16.838510
16.025582
15.999568
16.812496
16.792986
16.467815
16.968579
16.279215
16.591380
16.584876
16.435297
16.162154
15.713417
15.934534
15.960547
15.915023
15.921527
15.108598
15.745934
15.674396
15.947540
15.485797
15.459783
15.576845
15.128109
15.836982
15.570342
15.849989
15.654886
15.043564
15.219157
15.186639
15.420763
14.705386
15.316708
14.757413
15.407756
14.854965
15.609362
14.594827
14.477766
14.763917
14.276160
14.633848
15.050067
13.684348
13.677844
14.744406
14.646855
13.502252
14.230636
13.593300
13.807913
13.827423
14.529793
14.048540
13.580293
13.593300
14.035533
13.820920
14.321683
13.157570
13.736375
13.450224
13.430714
13.118549
14.243642
12.994984
13.105543
13.112046
13.294142
13.040508
13.060019
12.929950
13.671341
12.676316
12.643799
12.988481
11.694299
12.637296
12.474710
11.603251
11.902408
11.791850
11.544720
11.941429
12.156042
12.019470
11.739823
12.338138
11.759333
12.234083
11.733319
11.999960
12.045484
11.993456
12.091008
11.596747
11.999960
12.351145
11.564230
12.331635
11.921919
11.694299
11.635768
11.674788
12.448696
11.850381
11.603251
11.843878
11.778843
11.330107
11.765836
11.538216
11.694299
11.947932
11.193535
11.219549
11.557727
11.473182
11.226052
11.544720
11.785347
11.687795
10.965915
11.356120
11.095983
10.289558
11.206542
10.796826
11.193535
11.024446
10.725288
10.510675
11.076473
10.692771
10.926894
10.926894
10.400117
9.723760
10.614730
10.198510
10.556199
10.777315
10.933398
10.035925
9.717257
10.588716
10.491165
10.400117
10.276552
10.016414
9.840822
10.152986
9.112438
9.671733
10.120469
10.549695
9.502644
10.003408
9.866836
9.118941
9.567678
9.645719
9.554671
9.879842
9.938373
9.645719
9.587188
9.405092
9.996904
9.697746
8.988873
9.671733
9.411596
9.366072
9.053907
9.079921
9.340058
9.209989
8.585660
9.183976
9.066914
8.637688
8.910832
9.066914
8.956356
8.923839
8.455592
8.605171
8.618177
8.845797
