17.436825
16.461311
14.510283
18.737511
11.583740
23.615082
18.412339
16.786483
17.111654
12.884426
24.265424
13.859940
19.062682
14.510283
15.810968
12.884426
16.461311
17.761997
11.258569
16.786483
19.387854
15.810968
17.111654
14.835454
16.136140
13.859940
20.038196
15.810968
18.087168
15.160626
18.087168
19.387854
13.534769
20.363368
13.859940
16.136140
17.436825
11.583740
16.786483
15.485797
21.664053
17.761997
11.583740
15.810968
16.136140
17.111654
17.111654
17.111654
14.185112
19.062682
15.810968
18.087168
15.160626
15.485797
17.111654
17.761997
19.062682
15.485797
11.908912
13.209597
14.510283
17.436825
14.835454
15.485797
13.209597
9.957884
14.510283
15.810968
20.363368
15.160626
16.461311
15.160626
14.185112
12.884426
14.510283
10.933398
16.136140
13.209597
12.884426
14.835454
15.810968
10.933398
16.461311
13.209597
12.884426
15.160626
13.859940
12.559255
13.209597
13.209597
13.859940
12.884426
14.835454
17.436825
10.933398
16.461311
11.583740
10.933398
13.534769
12.559255
11.258569
13.534769
13.209597
12.559255
10.608226
10.283055
13.209597
11.583740
14.510283
15.485797
15.810968
11.583740
15.160626
14.185112
11.583740
14.510283
14.835454
11.258569
11.258569
10.933398
9.957884
13.209597
15.485797
14.510283
11.908912
8.332027
12.559255
10.933398
11.258569
11.258569
11.258569
14.835454
9.957884
9.957884
10.283055
10.933398
11.258569
9.307541
14.185112
10.933398
8.006855
14.835454
10.608226
14.185112
12.884426
9.632712
6.380998
8.982369
14.185112
12.234083
10.283055
10.608226
10.608226
10.933398
8.657198
9.632712
8.982369
7.681684
13.534769
9.307541
8.657198
8.982369
10.933398
8.332027
12.559255
8.657198
10.933398
6.706170
7.356513
6.380998
10.608226
8.982369
12.234083
10.283055
11.258569
11.258569
7.356513
10.608226
12.559255
9.957884
11.583740
6.380998
9.632712
10.933398
10.283055
9.632712
7.031341
8.006855
6.380998
7.681684
8.657198
11.583740
8.982369
8.657198
5.405484
4.755141
9.957884
8.982369
9.632712
5.730656
8.982369
8.657198
5.405484
7.356513
6.380998
5.405484
5.730656
12.234083
10.283055
8.657198
5.080313
6.706170
5.405484
10.283055
9.307541
11.583740
4.755141
6.055827
5.080313
8.657198
