14.810063
14.462783
14.477882
14.560927
13.677628
13.934313
13.715376
14.583576
14.100404
12.643337
12.945320
12.839626
12.454598
12.348904
12.613139
12.628238
11.563749
12.160165
12.046921
11.488254
11.714741
11.201370
11.458055
10.959784
11.578848
11.329713
11.035280
11.163622
11.284415
11.473154
10.778594
10.589855
10.469062
10.922036
10.748396
10.000989
11.088126
10.227476
10.084034
9.917944
10.703099
9.887745
10.491711
9.706556
9.925493
10.031187
10.582306
10.106683
10.091584
10.476612
9.600862
9.193185
9.661258
10.000989
9.472519
9.668808
9.593312
9.011996
9.676358
9.751853
9.427222
9.072392
9.079942
8.996897
8.740211
9.487618
8.626968
8.951599
8.272138
9.268681
8.581670
8.853455
8.868554
8.355183
8.981797
8.642067
8.528823
8.619418
8.725112
8.151345
8.453328
8.581670
8.121147
8.687364
8.007903
8.075849
8.083399
8.090949
7.947507
8.128696
8.294787
8.264589
8.317436
7.743668
7.305794
7.864462
8.272138
7.698371
7.811615
