21.865733
20.900266
20.926011
20.816592
21.428054
20.919575
20.829465
20.423968
20.507642
19.484247
20.057091
20.771537
20.224439
20.102146
19.529302
19.658031
20.919575
19.625849
20.391786
19.921925
20.037782
19.670904
19.902616
20.720045
20.063527
20.443278
19.175298
19.831815
18.795547
18.892094
20.179383
19.426319
18.357869
19.207480
18.763365
19.426319
18.460852
17.965245
18.750492
18.660382
19.181734
18.557399
18.087538
18.447979
19.542175
18.602454
18.351432
18.048919
17.984555
17.566186
16.890359
16.851740
16.465553
16.278896
16.639337
16.690829
16.278896
16.542790
16.723011
16.755193
16.941850
16.066493
16.594282
16.066493
15.583760
16.220968
15.828345
15.847654
16.465553
16.356133
16.246714
16.034311
15.718925
16.336824
16.459117
16.143731
16.825994
14.618293
15.474340
14.895060
14.740585
15.133208
15.191136
14.856441
15.416412
15.107463
14.367271
15.306992
14.489564
14.508873
15.236192
14.804950
14.354398
14.187051
14.586110
15.139645
14.457381
14.695530
14.489564
13.730063
14.302907
14.257852
13.800864
14.193487
14.116250
14.006830
14.547492
14.167741
13.627080
13.530533
13.736499
14.103377
13.813737
13.981084
13.607770
13.607770
13.672135
13.839482
13.311694
13.569152
12.970562
13.543406
12.751723
13.356749
13.054236
12.880452
13.350312
12.835397
12.899761
13.408240
12.590812
12.719541
12.281862
12.616557
13.112164
12.243243
11.895675
12.397718
12.687358
12.571502
12.217498
12.236807
11.979349
12.133824
11.863493
12.410591
11.728328
11.773383
11.560980
11.091119
11.046064
10.949517
11.058937
11.348577
11.412942
11.586726
11.857057
11.560980
11.161920
11.400069
11.213412
11.541671
10.910899
10.782170
10.981700
11.103992
10.383110
10.447474
10.389546
9.848885
10.460347
10.569767
10.164271
10.132089
10.299436
10.724242
10.717805
9.552808
10.087033
9.913249
10.190017
9.784520
10.087033
9.996923
9.816703
9.810266
9.893940
10.048415
9.958304
9.417643
10.132089
10.138525
9.617173
10.093470
9.198804
8.947782
9.726592
9.089384
9.134439
10.009796
9.327533
9.366151
9.591427
9.765211
8.857672
9.173058
8.954219
9.565681
9.578554
8.941346
9.829576
9.314660
9.288914
9.333969
10.080597
9.584990
9.314660
9.205240
8.928473
9.185931
9.655791
8.780435
9.018583
9.501317
8.246209
8.696761
8.819053
8.310574
8.046679
7.937260
8.001624
8.214027
8.265519
8.387811
8.162536
8.143226
8.111044
8.542286
8.510104
8.349193
8.336320
8.349193
8.104608
8.304137
7.924387
7.776349
7.647620
8.001624
8.162536
