14.862910
15.247938
14.530729
14.598675
14.274044
14.840261
14.742117
14.138151
14.742117
14.296692
14.100404
14.425035
14.319341
13.579483
13.873917
13.745574
14.832712
14.319341
14.145701
14.379738
14.425035
14.100404
13.466240
13.594583
13.488889
13.866367
13.662529
13.828619
13.617231
12.839626
13.594583
13.541736
13.851268
12.900022
13.413393
12.741482
13.368096
12.937770
13.020816
12.884923
12.477247
12.786779
13.262402
12.847176
12.764130
12.756581
12.643337
12.507445
13.149158
12.552742
12.839626
12.749031
13.171807
12.401751
12.507445
12.628238
12.643337
12.439499
12.379102
12.628238
12.447048
12.741482
12.492346
12.326255
12.824527
12.439499
12.084669
12.235661
12.031822
12.394202
12.364003
12.024273
11.812885
12.190363
12.356454
12.484796
12.160165
11.963876
11.639245
11.888381
11.578848
12.530094
12.356454
12.560292
11.480704
12.915122
12.643337
12.348904
12.447048
12.371553
11.216469
11.427857
11.488254
11.556200
11.488254
11.382560
12.009174
11.895930
11.903480
12.024273
11.843083
11.624146
11.480704
11.692092
11.322163
12.167715
11.510902
11.548650
11.586398
12.265859
10.703099
11.480704
11.216469
11.322163
11.322163
11.299514
10.552107
11.714741
11.005081
11.571299
11.503353
11.382560
11.473154
10.831441
10.771045
10.521909
10.989982
10.650252
10.922036
10.854090
10.922036
11.216469
10.710648
10.884288
10.627603
10.642702
10.242575
10.665351
10.597405
11.171172
10.665351
10.801243
11.095676
10.974883
10.484161
10.740846
10.627603
10.461512
10.582306
10.235025
10.272773
10.310521
10.461512
10.650252
10.642702
10.469062
9.985890
10.552107
10.438864
11.140973
9.948142
10.771045
9.457420
10.537008
10.136881
10.091584
9.819799
9.948142
10.182178
9.253582
10.046286
9.623511
10.023638
9.087491
9.948142
9.857547
9.631060
9.351726
9.555564
10.016088
9.578213
9.676358
9.683907
9.563114
9.774502
9.147888
8.830806
9.291330
9.095041
9.646159
9.661258
8.861004
8.574121
8.959149
8.906302
9.072392
8.589220
8.362733
8.838356
9.049744
8.491076
8.513724
8.679815
8.581670
8.823257
8.173994
8.928950
8.898752
7.955056
8.626968
8.642067
7.872011
8.317436
8.121147
8.287237
8.226841
8.204192
7.758768
8.332535
8.324985
8.030552
8.762860
8.302336
8.158895
7.909759
8.173994
8.491076
8.279688
7.728569
7.955056
8.000354
7.970155
7.743668
7.970155
8.083399
7.698371
7.902209
7.298244
7.592677
8.060750
8.347634
7.781416
8.453328
8.007903
7.902209
7.645524
7.705921
7.147253
7.698371
7.736119
7.018910
7.698371
7.713470
7.298244
7.758768
7.441686
7.675722
7.169901
7.358641
7.554929
7.894660
6.520639
7.260496
7.705921
6.996261
7.554929
7.283145
7.079307
6.822621
6.966063
7.132154
7.298244
7.026460
