18.106847
19.909053
17.398838
17.270109
18.943585
18.621763
16.175913
17.785025
15.339175
16.948287
16.755193
14.824259
16.755193
15.532268
14.952988
17.978118
15.596633
19.007950
15.725362
15.081717
15.081717
14.888623
17.785025
17.463202
17.720660
18.493034
16.175913
16.690829
15.467904
16.304642
18.235576
16.111548
16.690829
17.527567
17.978118
15.660997
18.042483
16.690829
17.591931
16.948287
16.883922
15.982820
16.497735
16.497735
16.304642
15.403539
15.403539
16.304642
15.725362
15.274810
16.433371
17.463202
16.047184
17.012651
17.591931
15.854091
16.690829
16.562100
15.339175
17.849389
16.497735
14.888623
16.111548
17.785025
15.982820
15.017352
16.690829
17.205745
16.369006
16.111548
17.270109
13.279511
15.403539
16.047184
17.527567
13.987521
14.759894
15.854091
14.373708
15.854091
16.562100
16.690829
17.656296
14.116250
16.111548
17.527567
16.497735
15.982820
13.794427
15.660997
14.373708
16.819558
14.373708
15.017352
16.240277
15.596633
15.725362
15.274810
14.695530
16.948287
15.982820
14.566801
16.690829
15.596633
13.987521
15.660997
15.403539
14.759894
18.106847
15.210446
16.111548
13.536969
14.888623
15.081717
14.438072
15.532268
16.047184
17.527567
14.952988
15.789726
16.690829
15.467904
17.270109
16.304642
14.631165
16.175913
14.888623
15.081717
12.700231
14.824259
14.309343
16.240277
13.794427
16.690829
15.146081
14.051885
14.695530
14.244979
14.952988
14.502437
14.051885
14.566801
15.146081
15.596633
13.408240
14.373708
14.116250
15.210446
14.051885
14.051885
11.734764
14.695530
13.408240
16.240277
15.339175
14.695530
14.373708
13.408240
13.150783
12.700231
15.146081
14.759894
14.566801
13.536969
14.051885
14.116250
13.923156
14.244979
15.017352
14.566801
13.923156
15.918455
13.601334
13.730063
13.022054
14.502437
13.730063
13.150783
14.631165
15.339175
15.467904
15.596633
13.215147
13.408240
13.279511
13.215147
14.759894
16.047184
13.923156
14.695530
13.730063
14.244979
17.398838
13.086418
14.952988
12.700231
15.403539
12.635867
14.695530
14.502437
15.854091
13.215147
15.210446
15.081717
14.373708
14.051885
13.279511
14.438072
14.952988
12.893325
13.086418
13.858792
13.022054
15.274810
14.180614
13.408240
13.086418
13.730063
13.408240
14.180614
11.348577
13.215147
13.858792
14.309343
15.146081
12.957689
12.828960
12.700231
12.635867
16.433371
12.314044
14.566801
13.215147
16.304642
12.507138
12.957689
15.274810
13.665698
12.507138
12.828960
13.343876
12.957689
12.378409
13.086418
13.408240
13.022054
14.438072
13.086418
12.249680
14.631165
10.898026
14.566801
13.472605
11.155484
11.799128
12.056586
13.601334
11.799128
12.764596
11.477306
13.858792
11.927857
11.091119
12.442773
12.507138
12.957689
11.606035
12.314044
11.927857
12.828960
12.635867
12.507138
11.606035
11.863493
13.408240
12.378409
11.026755
9.868194
13.858792
11.992222
10.576203
13.022054
13.923156
12.893325
11.606035
12.571502
9.546372
11.734764
11.606035
11.670400
10.511839
12.442773
12.571502
14.051885
14.051885
10.898026
11.348577
12.249680
11.541671
9.675101
10.962390
12.120951
10.318746
11.863493
10.576203
12.764596
11.091119
12.249680
9.996923
14.116250
12.056586
14.244979
11.863493
10.576203
10.769297
11.799128
9.417643
11.284213
12.442773
11.863493
11.799128
11.992222
10.190017
11.734764
12.120951
14.180614
12.056586
11.477306
11.348577
9.739465
9.996923
12.635867
12.571502
12.635867
11.091119
12.442773
14.051885
11.863493
12.893325
11.026755
12.957689
10.254381
11.863493
12.056586
12.635867
11.091119
9.803830
10.962390
11.799128
10.318746
11.541671
10.318746
12.507138
9.160185
12.185315
10.318746
10.769297
11.734764
11.670400
11.091119
11.284213
11.863493
9.224549
12.249680
11.091119
11.026755
10.318746
10.704932
10.640568
8.194718
11.284213
11.606035
10.447474
10.898026
10.383110
11.734764
10.898026
12.828960
11.670400
10.704932
12.056586
10.640568
11.412942
10.190017
12.185315
10.254381
11.670400
9.482007
9.868194
10.125652
9.739465
11.734764
11.541671
10.254381
12.828960
11.863493
12.056586
9.353278
12.249680
9.546372
13.215147
11.219848
10.898026
11.863493
10.254381
11.155484
11.477306
11.670400
11.091119
10.833661
12.828960
10.769297
11.734764
9.803830
11.477306
10.898026
10.962390
9.095820
11.091119
10.318746
10.769297
10.833661
11.670400
11.734764
11.026755
11.799128
10.190017
9.868194
9.996923
9.353278
9.610736
11.155484
10.576203
9.675101
11.606035
11.284213
11.606035
8.967092
11.284213
10.190017
12.442773
10.061288
11.155484
10.318746
10.125652
8.838363
10.190017
11.284213
11.348577
10.576203
9.353278
8.001624
12.314044
9.610736
11.348577
10.190017
11.026755
10.318746
10.190017
10.383110
10.640568
10.254381
11.091119
11.348577
9.868194
9.675101
8.452176
10.318746
10.447474
10.576203
10.383110
9.610736
10.833661
9.160185
9.996923
10.318746
11.219848
11.992222
11.670400
8.580905
11.670400
10.962390
9.224549
10.447474
11.348577
10.511839
10.576203
12.314044
10.898026
10.640568
9.868194
11.863493
9.417643
10.383110
11.412942
9.482007
11.155484
10.640568
10.833661
11.026755
10.704932
9.160185
10.962390
10.576203
10.061288
10.576203
9.546372
10.125652
10.254381
10.190017
8.838363
11.863493
8.516540
9.160185
7.422344
9.031456
9.803830
9.031456
8.967092
9.868194
8.967092
10.190017
9.996923
11.026755
9.482007
10.511839
9.482007
8.580905
9.996923
10.447474
9.803830
8.516540
9.546372
11.412942
9.803830
10.576203
9.288914
10.769297
11.734764
8.387811
10.061288
8.645269
7.679802
8.709634
10.125652
9.288914
9.675101
7.872895
7.808531
10.576203
10.190017
9.482007
9.417643
9.996923
10.769297
9.482007
8.580905
8.967092
10.125652
9.868194
8.452176
8.194718
9.739465
8.387811
9.288914
9.803830
10.640568
7.808531
8.709634
9.095820
9.095820
9.288914
9.546372
8.838363
8.967092
9.803830
8.323447
9.160185
8.773998
8.452176
6.456877
9.932559
8.194718
9.224549
7.615437
9.546372
9.482007
9.610736
9.288914
8.130353
8.130353
8.645269
6.328148
7.486709
10.769297
8.065989
9.803830
8.387811
8.709634
7.937260
8.580905
8.001624
8.452176
8.323447
9.417643
8.516540
8.902727
7.293615
9.095820
8.967092
9.996923
8.902727
8.709634
8.580905
8.516540
8.838363
9.353278
8.516540
8.709634
7.808531
7.229251
7.937260
8.259082
8.323447
7.872895
7.744166
9.675101
9.546372
7.679802
5.813232
9.932559
8.130353
9.417643
8.902727
9.288914
8.452176
8.323447
8.259082
8.323447
8.773998
8.516540
9.160185
9.675101
8.709634
7.486709
8.323447
8.902727
6.907428
8.323447
8.130353
8.065989
7.615437
7.615437
8.194718
9.224549
7.422344
8.709634
6.392512
7.615437
6.778699
7.615437
8.645269
9.417643
9.546372
8.001624
8.902727
8.387811
8.323447
7.744166
9.803830
7.744166
8.967092
6.843064
7.229251
9.095820
7.036157
8.967092
6.714335
7.872895
7.744166
8.773998
7.100522
9.095820
8.773998
7.872895
6.843064
7.872895
9.031456
7.164886
7.486709
8.516540
8.001624
8.645269
8.387811
9.095820
8.580905
6.843064
8.838363
8.709634
8.194718
6.714335
7.293615
8.001624
8.130353
7.872895
9.288914
6.778699
9.095820
7.872895
8.259082
7.293615
8.902727
7.808531
8.259082
7.036157
7.293615
8.902727
5.877597
8.580905
7.229251
8.709634
7.937260
7.744166
7.808531
6.907428
8.001624
6.971793
7.293615
7.229251
7.615437
8.645269
7.551073
7.164886
8.387811
8.709634
7.100522
6.328148
8.773998
7.036157
6.328148
7.100522
8.709634
7.422344
7.357980
7.937260
8.323447
8.323447
7.422344
7.486709
6.135055
9.482007
7.679802
6.135055
8.001624
8.709634
8.387811
6.907428
6.649970
8.645269
8.452176
8.709634
8.259082
6.328148
5.941961
7.229251
7.551073
6.778699
7.100522
6.971793
7.164886
6.199419
8.194718
7.422344
