82.666204
86.958467
89.234666
86.828398
83.186479
87.088535
84.227027
85.722815
89.429769
88.454255
90.535352
85.007438
87.153570
84.422130
86.178055
86.633295
87.478741
81.170416
84.096959
83.056410
80.390005
84.942404
83.381582
84.812336
84.227027
84.422130
80.650142
82.666204
78.634079
79.219388
79.089319
82.145930
80.650142
79.414491
82.991376
77.723599
80.715176
78.699114
79.479525
78.634079
81.235450
76.618017
80.259936
80.910279
79.414491
76.878154
75.772571
79.024285
74.666988
77.593531
77.138291
77.723599
73.561406
75.057194
74.211749
75.577468
76.292845
78.243874
70.960035
74.536920
73.821543
78.764148
73.496372
75.642503
73.626440
75.902640
70.895000
72.260720
70.960035
74.732023
70.504795
71.805480
73.106166
74.146714
74.211749
74.211749
73.561406
73.756509
72.455823
69.984521
76.227811
70.309692
69.854452
66.147498
69.919486
74.732023
72.715960
72.780994
68.293629
65.887361
68.163561
71.090103
66.147498
71.155138
69.789418
65.757293
68.813904
68.943972
69.009006
67.123012
67.123012
66.927910
67.578252
70.699898
66.017430
64.066401
66.992944
63.871299
67.253081
68.098527
63.155922
62.505579
64.911847
64.781778
59.969242
66.212533
58.668557
60.749653
65.106950
59.904208
64.846813
63.871299
64.261504
64.196470
63.611162
63.220956
61.139859
59.839173
59.514002
61.790202
60.099311
61.139859
61.009790
60.164345
60.424482
58.928694
60.944756
60.424482
58.213317
60.554551
57.562974
55.221740
58.928694
61.334962
60.359448
59.318899
56.977665
58.213317
59.644071
57.953179
54.896568
55.872083
57.432905
53.856020
55.156706
55.872083
55.091671
59.188831
55.286774
54.376294
53.790986
55.937117
56.067185
55.742014
52.425266
54.701466
50.474238
54.636431
54.766500
54.831534
51.970026
52.750437
52.035060
54.246226
52.815472
54.246226
51.644855
58.083248
51.774923
51.189615
55.156706
52.295197
48.718312
52.425266
51.319683
50.344169
49.953963
50.929478
53.140643
45.011358
48.002935
48.328107
50.864443
49.498724
48.133004
47.482661
47.092455
45.856804
46.377078
47.612730
45.596667
48.067969
45.531633
45.921838
43.840742
42.279919
46.767284
44.946324
44.556119
40.784131
45.011358
46.051907
45.466598
45.661701
44.751221
45.856804
45.401564
44.881290
45.206461
44.556119
43.840742
42.735159
44.686187
42.735159
45.596667
45.726736
43.970810
43.515570
45.076393
42.344953
43.255433
44.751221
42.735159
39.028205
43.710673
39.873651
39.288342
40.263856
39.548479
41.694610
40.198822
41.564542
41.044268
38.963171
39.613514
38.312828
39.808616
39.483445
37.727520
38.572965
40.654062
37.467382
37.532417
39.353376
38.312828
38.052691
39.418411
36.686971
38.312828
37.792554
38.377862
37.337314
36.426834
40.393925
37.012143
35.386286
37.402348
38.052691
34.280703
34.866011
34.605874
35.711457
35.191183
31.874435
37.207245
32.849949
35.191183
34.605874
32.589812
33.305189
34.735943
34.085600
33.045052
32.264640
33.500292
35.061114
33.175120
34.215669
34.475806
33.500292
31.679332
31.549263
33.110086
31.874435
31.679332
32.654846
31.159058
32.069538
34.996080
32.589812
27.647207
29.793338
30.248578
31.354160
31.939469
32.589812
30.638783
32.069538
31.549263
31.679332
30.183543
28.557687
30.378646
30.248578
30.053475
29.338098
