152.734134
151.218835
151.732606
150.965201
152.480500
150.620520
151.270863
149.768571
148.780050
151.400931
150.574996
149.723047
149.274310
150.503458
150.874153
149.664516
150.789609
149.983184
149.736054
149.488923
150.269335
149.723047
149.059697
149.645006
147.882577
148.012645
147.245241
147.778522
146.796504
145.977072
148.513409
146.159168
147.349296
145.190158
144.747925
143.434232
144.305692
144.910510
144.247161
143.466749
143.668356
144.845476
142.679835
144.819462
143.746397
143.096054
141.255584
143.648845
142.855427
142.081519
142.640814
140.592234
142.413194
140.488180
141.918934
140.813351
140.312587
140.195525
140.150001
140.013429
138.745261
138.738758
140.462166
140.546710
137.730726
138.797288
137.977856
137.646182
138.485124
137.613665
137.444575
137.379541
136.338993
135.805712
135.773195
136.527592
134.459502
134.895232
134.810687
134.596074
133.236858
133.919718
133.067769
133.750629
133.379933
132.918190
133.802656
132.872666
132.619032
133.802656
132.254840
133.483988
133.353919
130.121716
132.443440
130.713528
129.243753
131.402891
131.155761
130.017661
129.406339
128.177191
130.232274
129.373822
129.308787
129.620952
127.845516
127.793489
127.325242
128.021109
127.006574
126.720423
125.920502
125.140090
126.258680
124.704361
125.140090
124.203597
124.606809
125.023029
123.085007
123.650805
122.538719
123.845908
123.215076
123.605281
122.063969
122.915918
122.467182
121.998935
122.584243
121.381109
120.425105
121.433137
120.945380
120.490140
120.230002
120.321050
120.399092
118.578132
118.532608
117.992823
118.064361
118.474077
117.583107
116.002775
115.768651
115.105302
115.768651
115.105302
115.319915
114.240346
114.370414
115.716624
114.207829
113.882657
113.921678
112.523441
113.264831
111.996663
111.248769
112.438896
109.596898
110.884577
111.814567
111.508906
111.125204
110.370806
109.109141
108.530336
110.039131
109.512354
109.915566
107.808456
107.925517
108.023069
108.914038
108.406771
108.302716
109.414802
106.273647
105.382677
107.223147
106.520777
106.982520
106.813431
106.234626
103.808848
105.291629
105.798897
103.925909
105.993999
104.374646
103.178015
103.652765
102.222011
101.571669
103.015430
101.870826
102.475645
101.571669
101.357055
101.305028
101.480621
101.057898
100.127908
100.706713
100.186439
100.179935
100.121404
99.900288
98.664636
98.339465
97.754157
99.451551
97.981777
97.363951
96.804656
96.362423
96.772139
96.316899
