10.933398
10.998432
11.902408
11.004935
11.525210
10.601723
10.250538
11.017942
11.017942
10.985425
10.803329
10.374103
10.679764
10.387110
10.621233
10.530185
9.931870
10.042428
11.167521
10.231028
10.309069
10.439137
10.653750
10.042428
10.393613
10.074945
10.556199
10.172497
9.697746
10.406620
9.827815
9.873339
10.120469
9.899353
9.372575
11.167521
9.788794
9.606698
10.426130
10.139980
9.307541
9.743270
9.203486
9.340058
9.821312
9.671733
9.405092
9.879842
9.528657
9.125445
9.151459
9.671733
9.645719
9.275024
9.431106
8.663701
9.112438
9.053907
8.767756
8.774260
8.858804
8.904328
8.410068
8.878315
9.216493
8.683212
8.858804
8.136924
9.001880
8.377551
8.084896
9.066914
8.787267
8.208462
8.201958
8.429578
8.332027
8.013359
8.169441
7.909304
7.876787
7.727208
8.026366
7.993848
8.637688
8.071890
8.533633
8.143427
8.403564
8.423075
8.312516
8.253986
8.006855
7.792242
7.759725
8.091400
8.234475
7.545112
8.091400
7.785739
8.240979
8.006855
7.870283
8.208462
7.701194
7.837766
7.187423
7.642663
7.707698
7.304485
7.805249
6.485053
6.478550
7.135396
7.219941
6.816728
6.615122
6.673653
6.875259
6.602115
6.693163
6.706170
6.738687
6.693163
6.595611
7.200430
6.914279
6.875259
6.686659
6.927286
6.478550
6.712673
6.003800
6.172889
6.719177
6.452536
6.166385
6.380998
6.725680
5.828207
5.834710
5.919255
5.945269
5.964779
5.750166
5.925758
5.704642
6.263937
6.088344
5.834710
5.028285
5.015279
5.808697
5.678628
5.177864
5.314436
5.002272
5.665621
4.774652
5.333947
5.060803
4.943741
5.106327
4.540528
4.364936
4.325915
4.475494
4.839686
4.891713
4.833183
4.416963
4.468991
4.560039
4.716121
4.612066
4.475494
4.475494
4.631576
4.208854
4.325915
4.729128
4.599059
4.625073
4.345426
4.143819
4.612066
4.690107
4.338922
4.364936
4.442977
4.410460
4.202350
4.696611
3.857668
4.462487
4.351929
4.468991
4.306405
4.130812
4.605563
4.143819
4.384446
5.028285
4.651087
4.364936
4.293398
4.325915
4.189343
4.007247
4.111302
4.000744
4.468991
4.098295
3.773124
4.364936
3.753614
3.864172
3.903192
4.000744
3.792634
