32.666092
31.295129
32.801257
31.790735
31.346620
31.597642
31.449603
30.999052
31.629824
30.664357
31.269383
30.529191
30.503446
31.108472
30.773776
31.430294
31.256510
30.143004
29.962784
30.040021
30.085076
30.245988
30.497009
30.252424
30.123695
29.904856
29.570161
30.284606
29.467177
29.229029
30.593556
29.550851
29.724635
29.840491
29.370631
29.434995
30.027148
29.080991
29.409249
30.040021
28.681931
30.027148
28.932952
28.611130
30.027148
28.913643
28.295744
27.793701
29.454305
28.617566
28.958698
28.424473
28.192761
27.748646
28.192761
28.186324
28.482401
28.167015
27.375332
27.729337
28.263562
27.272349
27.484752
27.034200
26.596522
27.304531
26.796052
27.561989
27.439696
26.596522
27.162929
27.201548
27.124310
27.066382
27.066382
27.188675
27.253039
26.557903
27.066382
27.368895
26.911908
26.210335
27.162929
26.036551
26.165280
26.319755
25.437961
24.163545
24.923045
24.124926
24.272964
24.041252
24.388820
24.253655
23.912523
24.491803
24.916609
24.639842
23.610010
24.066998
24.131362
23.519900
23.333243
23.590701
23.931832
23.642192
23.268878
23.487718
23.552082
23.481281
22.470759
22.914874
22.490068
22.689598
23.159459
23.610010
22.547996
22.380649
22.477195
22.116754
21.202779
21.395872
21.151287
21.273580
22.039517
21.492419
21.724131
22.116754
21.428054
21.556783
21.672639
21.273580
21.093359
21.730567
20.462587
20.604189
20.423968
21.080486
20.488333
21.074050
20.919575
20.533388
20.475460
20.172947
19.394137
19.947671
19.239662
19.818942
19.059442
19.194607
19.387700
19.233226
19.220353
19.458501
18.962895
19.844688
19.477811
18.267758
19.175298
18.827729
19.271844
19.033696
18.782674
19.336209
18.621763
18.699000
18.293504
18.596017
18.724746
18.139029
19.091624
18.647509
18.029610
18.570271
17.688478
17.604804
17.849389
17.482512
17.849389
17.450330
17.295855
17.733533
17.147817
17.289418
16.484862
18.016737
16.774503
16.883922
17.900881
16.825994
16.517045
17.006215
17.321601
17.083452
17.579059
16.974032
16.536354
16.620028
16.362570
16.620028
15.989256
16.748757
15.879836
16.800248
16.362570
16.613591
16.394752
16.729447
16.819558
15.989256
16.877486
15.667434
16.336824
16.117985
15.641688
15.886273
15.113899
16.574973
16.150167
16.362570
16.015002
